DS-DOOM
-------
log2 # Instances      :	                   0	                   1	                   2	                   3	                   4	                   5	                   6	                   7	                   8	                   9	                  10	                  11	                  12	                  13	                  14	                  15	                  16	                  17	                  18	                  19	                  20	                  21	                  22	                  23	                  24	                  25	                  26	                  27	                  28	                  29	                  30	                  31	                  32	                  33	                  34	                  35	                  36	                  37	                  38	                  39	                  40	                  41	                  42	                  43	                  44	                  45	                  46	                  47	                  48	                  49	                  50	                  51	                  52	                  53	                  54	                  55	                  56	                  57	                  58	                  59	                  60	                  61	                  62	                  63	                  64	                  65	                  66	                  67	                  68	                  69	                  70	                  71	                  72	                  73	                  74	                  75	                  76	                  77	                  78	                  79	                  80	                  81	                  82	                  83	                  84	                  85	                  86	                  87	                  88	                  89	                  90	                  91	                  92	                  93	                  94	                  95	                  96	                  97	                  98	                  99	                 100	                 101	                 102	                 103	                 104	                 105	                 106	                 107	                 108	                 109	                 110	                 111	                 112	                 113	                 114	                 115	                 116	                 117	                 118	                 119	                 120	                 121	                 122	                 123	                 124	                 125	                 126	                 127	                 128	                 129	                 130	                 131	                 132	                 133	                 134	                 135	                 136	                 137	                 138	                 139	                 140	                 141	                 142	                 143	                 144	                 145	                 146	                 147	                 148	                 149	                 150	                 151	                 152	                 153	                 154	                 155	                 156	                 157	                 158	                 159	                 160	                 161	                 162	                 163	                 164	                 165	                 166	                 167	                 168	                 169	                 170	                 171	                 172	                 173	                 174	                 175	                 176	                 177	                 178	                 179	                 180	                 181	                 182	                 183	                 184	                 185	                 186	                 187	                 188	                 189	                 190	                 191	                 192	                 193	                 194	                 195	                 196	                 197	                 198	                 199	                 200	                 201	                 202	                 203	                 204	                 205	                 206	                 207	                 208	                 209	                 210	                 211	                 212	                 213	                 214	                 215	                 216	                 217	                 218	                 219	                 220	                 221	                 222	                 223
log2 # syndromes used :	  0.0000000000000000	  1.0000000000000000	  2.0000000000000000	  3.0000000000000000	  4.0000000000000000	  5.0000000000000000	  6.0000000000000000	  7.0000000000000000	  8.0000000000000000	  9.0000000000000000	 10.0000000000000000	 11.0000000000000000	 12.0000000000000000	 13.0000000000000000	 14.0000000000000000	 15.0000000000000000	 16.0000000000000000	 17.0000000000000000	 18.0000000000000000	 19.0000000000000000	 20.0000000000000000	 21.0000000000000000	 22.0000000000000000	 23.0000000000000000	 24.0000000000000000	 25.0000000000000000	 25.0000000000000000	 27.0000000000000000	 27.0000000000000000	 29.0000000000000000	 29.0000000000000000	 31.0000000000000000	 32.0000000000000000	 33.0000000000000000	 34.0000000000000000	 35.0000000000000000	 36.0000000000000000	 37.0000000000000000	 38.0000000000000000	 39.0000000000000000	 39.0000000000000000	 41.0000000000000000	 41.0000000000000000	 43.0000000000000000	 43.0000000000000000	 45.0000000000000000	 46.0000000000000000	 47.0000000000000000	 48.0000000000000000	 49.0000000000000000	 50.0000000000000000	 51.0000000000000000	 52.0000000000000000	 53.0000000000000000	 54.0000000000000000	 55.0000000000000000	 55.0000000000000000	 57.0000000000000000	 57.0000000000000000	 59.0000000000000000	 60.0000000000000000	 61.0000000000000000	 62.0000000000000000	 63.0000000000000000	 64.0000000000000000	 65.0000000000000000	 66.0000000000000000	 67.0000000000000000	 68.0000000000000000	 69.0000000000000000	 70.0000000000000000	 70.0000000000000000	 72.0000000000000000	 73.0000000000000000	 74.0000000000000000	 75.0000000000000000	 76.0000000000000000	 77.0000000000000000	 78.0000000000000000	 79.0000000000000000	 80.0000000000000000	 81.0000000000000000	 82.0000000000000000	 83.0000000000000000	 83.0000000000000000	 85.0000000000000000	 86.0000000000000000	 87.0000000000000000	 88.0000000000000000	 89.0000000000000000	 90.0000000000000000	 91.0000000000000000	 92.0000000000000000	 93.0000000000000000	 94.0000000000000000	 95.0000000000000000	 96.0000000000000000	 96.0000000000000000	 98.0000000000000000	 99.0000000000000000	100.0000000000000000	101.0000000000000000	102.0000000000000000	103.0000000000000000	104.0000000000000000	105.0000000000000000	106.0000000000000000	107.0000000000000000	108.0000000000000000	109.0000000000000000	110.0000000000000000	111.0000000000000000	112.0000000000000000	113.0000000000000000	114.0000000000000000	115.0000000000000000	116.0000000000000000	117.0000000000000000	118.0000000000000000	119.0000000000000000	120.0000000000000000	121.0000000000000000	121.0000000000000000	123.0000000000000000	124.0000000000000000	125.0000000000000000	126.0000000000000000	127.0000000000000000	128.0000000000000000	129.0000000000000000	130.0000000000000000	131.0000000000000000	132.0000000000000000	133.0000000000000000	134.0000000000000000	135.0000000000000000	135.0000000000000000	137.0000000000000000	138.0000000000000000	139.0000000000000000	140.0000000000000000	141.0000000000000000	142.0000000000000000	143.0000000000000000	144.0000000000000000	145.0000000000000000	146.0000000000000000	146.0000000000000000	148.0000000000000000	149.0000000000000000	150.0000000000000000	151.0000000000000000	152.0000000000000000	153.0000000000000000	154.0000000000000000	155.0000000000000000	156.0000000000000000	157.0000000000000000	158.0000000000000000	159.0000000000000000	160.0000000000000000	161.0000000000000000	162.0000000000000000	163.0000000000000000	164.0000000000000000	165.0000000000000000	166.0000000000000000	167.0000000000000000	168.0000000000000000	169.0000000000000000	170.0000000000000000	171.0000000000000000	172.0000000000000000	173.0000000000000000	174.0000000000000000	175.0000000000000000	176.0000000000000000	177.0000000000000000	178.0000000000000000	179.0000000000000000	180.0000000000000000	181.0000000000000000	182.0000000000000000	183.0000000000000000	184.0000000000000000	185.0000000000000000	186.0000000000000000	187.0000000000000000	188.0000000000000000	188.0000000000000000	188.0000000000000000	188.0000000000000000	188.0000000000000000	188.0000000000000000	188.0000000000000000	188.0000000000000000	188.0000000000000000	188.0000000000000000	188.0000000000000000	188.0000000000000000	188.0000000000000000	188.0000000000000000	188.0000000000000000	188.0000000000000000	188.0000000000000000	188.0000000000000000	188.0000000000000000	188.0000000000000000	188.0000000000000000	188.0000000000000000	188.0000000000000000	188.0000000000000000	188.0000000000000000	188.0000000000000000	188.0000000000000000	188.0000000000000000	188.0000000000000000	188.0000000000000000	188.0000000000000000	188.0000000000000000	188.0000000000000000	188.0000000000000000	188.0000000000000000	188.0000000000000000
Runtime               :	298.8287507702092967	297.8274024217306533	297.5824702903931893	296.5849146254507787	296.4491820442746075	295.4535432311977274	295.3824152222490511	294.3876335065939998	294.3514269612270482	293.3570114397722364	293.3388073273053465	292.3445817532906403	292.2103783612717507	291.2600924820545742	290.8992471090622303	289.9835727133488490	289.6133891993987959	288.6768151300361183	288.5619506752919960	287.6854496841922355	287.6256323812228288	286.8380349365182838	286.8014191655734635	286.1348946378095661	286.1040656601674073	285.4063625863896050	285.4063625863896050	284.4533994056105257	284.4533994056105257	283.5417949287423198	283.5417949287423198	282.5753274143850717	282.5433377487344160	281.6609906322756274	281.6394237248598529	280.8340219588079663	280.8143246670458666	280.1195003221092747	280.0963218777546331	279.5032451227985462	279.5032451227985462	278.5575406961060594	278.5575406961060594	277.6589302407404602	277.6589302407404602	276.6992357906339066	276.6576634810204496	275.7866791011117584	275.7600933428182088	274.9726638766975952	274.9499534505015390	274.2794766692830422	274.2539936577246635	273.6172953505983969	273.6172712629033867	272.6921332650987324	272.6921332650987324	271.8309441784783189	271.8309441784783189	270.8629827184561236	270.8120494761961936	269.9795839240506439	269.9471218835101922	269.2166611031599359	269.1891124530297930	268.5908422509140223	268.5605289566319129	268.1070996724731685	267.7622599128873162	267.7499485596277395	266.8833131027113268	266.8833131027113268	265.9427854122137092	265.8836466572801100	265.0309648957620539	264.9952137330135997	264.2361124619443444	264.2080699866995701	263.5746009354825219	263.5452303707612600	263.0554107191467210	262.8541832861125158	262.6679966923971961	261.9743932040788650	261.9743932040788650	261.1927156278022721	260.9833465497335396	260.1288833455954546	260.0891526625764527	259.3278977939369838	259.2980750136880488	258.6620672711080715	258.6319366135820701	258.1393199674431571	257.9652234341389203	257.7488270420711842	257.0988171460031140	257.0988171460031140	256.3389121276664468	256.1067207652494062	255.2658123667774248	255.2218484627984765	254.4808641203312050	254.4483189978160453	253.8377691038315902	253.8054206367023937	253.3392625631381065	253.3018599925673300	252.9691776938639691	252.9254250806123991	252.2652388119562659	252.1456609405702238	251.2572280993540801	251.2103804908011284	250.3983582760197066	250.3669725262146812	249.6644975267900008	249.6358580033244152	249.0697223608618174	249.0369644194730085	248.6136948594987075	248.2672799210652954	248.2672799210652954	247.4865005252904950	247.3004570367310748	246.4456738380896468	246.3944704464245774	245.6341834181735635	245.5988146930370988	244.9645646817634486	244.9316131985220295	244.4408503721660679	244.4035959314830393	244.0493204195835517	244.0056187736931008	243.4927818928166516	243.4927818928166516	242.4920892292751660	242.4374126610569533	241.6374689522244807	241.6018766734399605	240.9161500855899192	240.8848245364450520	240.3377774350323648	240.3029886289559158	239.8977718165980093	239.5410650294590482	239.5410650294590482	238.8100593749890379	238.5683161886021537	237.7450956536739852	237.6866104708349781	236.9728144050155549	236.9324296523756743	236.3554186808396764	236.3181076123105413	235.8850983802020096	235.8437979394157082	235.5379760212476015	235.4906207533572911	234.8725188172774381	234.6651772431222298	233.8301018647742922	233.7682131690595213	233.0380330742697197	232.9965678325438603	232.4002004783253028	232.3629734944026382	231.9109886660706081	231.8700878108141978	231.5482124008850917	231.5013223813457159	230.9727503052048405	230.7783612227128742	229.9409110941101630	229.8755602388982311	229.1423556052517938	229.0994827538835636	228.4996893374265596	228.4617986294661875	228.0063128648717452	227.9652411130186920	227.6404846645360465	227.5931540855216042	227.1070783451114607	226.9063054214561248	226.0749005379632308	226.0063520009658191	225.2823949492310760	225.2823949492310760	225.2823949492310760	225.2823949492310760	225.2823949492310760	225.2823949492310760	225.2823949492310760	225.2823949492310760	225.2823949492310760	225.2823949492310760	225.2823949492310760	225.2823949492310760	225.2823949492310760	225.2823949492310760	225.2823949492310760	225.2823949492310760	225.2823949492310760	225.2823949492310760	225.2823949492310760	225.2823949492310760	225.2823949492310760	225.2823949492310760	225.2823949492310760	225.2823949492310760	225.2823949492310760	225.2823949492310760	225.2823949492310760	225.2823949492310760	225.2823949492310760	225.2823949492310760	225.2823949492310760	225.2823949492310760	225.2823949492310760	225.2823949492310760	225.2823949492310760	225.2823949492310760
Speedups              :	  0.0000000000000000	  1.0013483484786434	  0.6231402399080537	  0.7479453815861726	  0.5948921814836723	  0.6750415078023139	  0.5743892579933743	  0.6344453233736138	  0.5596654761227811	  0.6079710367152289	  0.5489943442903951	  0.5894699106289688	  0.5515310340781289	  0.5822044837042094	  0.5663931186533618	  0.5896785371240298	  0.5759600981756563	  0.5971726847160693	  0.5703777830509611	  0.5864895308430033	  0.5601559194493234	  0.5709864682710006	  0.5466968911198106	  0.5519067883652057	  0.5301952129184121	  0.5368955273527877	  0.5162456993776805	  0.5324204209110656	  0.5134054058785276	  0.5271364083264475	  0.5095651947155659	  0.5243039792201363	  0.5089191569210900	  0.5202351556949597	  0.5055684425102778	  0.5141351088971808	  0.5004007250878730	  0.5056554175162168	  0.4929586550645964	  0.4955257858310449	  0.4831376411852688	  0.4944197579049570	  0.4826478589072200	  0.4923214076620659	  0.4811322847606554	  0.4917669995461198	  0.4819801584606271	  0.4902568440233519	  0.4805970297373143	  0.4868589161941164	  0.4775759463941551	  0.4813583157044364	  0.4725914829323968	  0.4756878381058660	  0.4668792501352946	  0.4752112273656466	  0.4667253125912601	  0.4736457296794908	  0.4654794239953617	  0.4739960686737826	  0.4669450215668851	  0.4729371614124369	  0.4658327239790178	  0.4700331693182438	  0.4631193487059297	  0.4651985926045427	  0.4586094214178392	  0.4585321059363601	  0.4568601596664997	  0.4504174233417617	  0.4563633952499710	  0.4499357417957461	  0.4567495188610498	  0.4513027960675231	  0.4567268361411790	  0.4511138271626093	  0.4551662935298020	  0.4496192309546718	  0.4519762799323945	  0.4466268404993423	  0.4471667506382822	  0.4441304627666269	  0.4409848058269769	  0.4440284044112100	  0.4387423519777433	  0.4427768840283179	  0.4400628397729739	  0.4448260623518833	  0.4402227057685550	  0.4438298087221608	  0.4392297306280138	  0.4413921263637497	  0.4369218930068177	  0.4375207613200660	  0.4347183759156423	  0.4324202497698749	  0.4346868085854811	  0.4302055012804761	  0.4335697820667638	  0.4315356566157565	  0.4356293840343187	  0.4317515079941666	  0.4347832024497852	  0.4308779783727500	  0.4326055929459395	  0.4287936203191134	  0.4291461151610489	  0.4254849605387100	  0.4246256766328271	  0.4211314283449257	  0.4233046541659367	  0.4205683768435953	  0.4247457381326359	  0.4214015068974174	  0.4248280043349964	  0.4214067673390836	  0.4238297693398215	  0.4204520749306400	  0.4216866814351481	  0.4184183726952629	  0.4184587992559216	  0.4178633954474711	  0.4144382856487213	  0.4174166686578764	  0.4155507559151470	  0.4190646154569572	  0.4161450819347994	  0.4188548610396514	  0.4158588756029078	  0.4175518301429911	  0.4145933659360559	  0.4151748121988033	  0.4123117790812595	  0.4118754161701184	  0.4091278507202701	  0.4098960657584640	  0.4068821240984754	  0.4112165075980593	  0.4086328848489300	  0.4114480706329843	  0.4087633864054953	  0.4107276644299246	  0.4080558185476355	  0.4090277855606779	  0.4064289037587041	  0.4064205445076641	  0.4060800393202072	  0.4033175900731309	  0.4055316986163531	  0.4044324468564238	  0.4072243674435688	  0.4049148364196975	  0.4069469497710115	  0.4045511184172132	  0.4056709875933092	  0.4032944719864436	  0.4034849512179954	  0.4011780435082394	  0.4005745237276057	  0.3983530189739120	  0.3997264497058241	  0.3985315125906029	  0.4012262278113272	  0.3991444024610415	  0.4011629127801194	  0.3989829268949420	  0.4001719897101446	  0.3979986663221955	  0.3983200125246351	  0.3962051062686101	  0.3957678727607306	  0.3937276513968631	  0.3945116306104910	  0.3933548528757019	  0.3959071245752824	  0.3940182316074918	  0.3959454270736222	  0.3939506667589024	  0.3951070867010266	  0.3931114644734252	  0.3934579883629864	  0.3915111030784011	  0.3911443192619409	  0.3892655556540311	  0.3897916979624882	  0.3887699748581253	  0.3911497324314305	  0.3894245923488956	  0.3912040203243523	  0.3891341577829536	  0.3870860832683064	  0.3850594545600954	  0.3830539365675949	  0.3810692011449649	  0.3791049269122589	  0.3771607990819396	  0.3752365092907052	  0.3733317554364377	  0.3714462415200920	  0.3695796774923529	  0.3677317791048911	  0.3659022677660608	  0.3640908704008823	  0.3622973193151636	  0.3605213520636187	  0.3587627113218450	  0.3570211447620302	  0.3552964049322619	  0.3535882491393184	  0.3518964393348240	  0.3502207420046582	  0.3485609280615082	  0.3469167727404633	  0.3452880554975503	  0.3436745599111132	  0.3420760735859452	  0.3404923880600844	  0.3389232987141854	  0.3373686046833863	  0.3358281087715900	  0.3343016173680828	  0.3327889403664173	  0.3312898910854875	  0.3298042861927274
Memory                :	 34.2107520680064852	 34.2107604115041539	 34.2107770983547397	 34.2108104714768970	 34.2108772154052900	 34.2110106939993841	 34.2112776141448549	 34.2118113063288121	 34.2128780987798251	 34.2150093200939622	 34.2192623408729801	 34.2277309529090061	 34.2445204882065184	 34.2775245182492014	 34.3413503777790368	 34.4611085742875716	 34.6743827049957929	 35.0247047176780484	 35.5419118724388596	 36.2222845734824759	 37.0312806775992343	 37.9253745046923001	 38.8693557255836168	 39.8405089530459406	 40.8258663459596676	 41.8266485981818406	 41.8266485981818406	 43.8152723762010154	 43.8152723762010154	 45.8122011556180055	 45.8122011556180055	 47.8115892309601094	 48.8115697671335127	 49.8115725779252898	 50.8115677118531437	 51.8115778214429525	 52.8115766049098880	 53.8115885391503426	 54.8115882350141916	 55.8315114281701028	 55.8315114281701028	 57.8166434199402701	 57.8166434199402701	 59.8125836650073737	 59.8125836650073737	 61.8117258935818370	 62.8117258923936959	 63.8117384329934296	 64.8117384326963872	 65.8117509736326554	 66.8117509735583894	 67.8117635144970308	 68.8117635144784714	 69.8337851016353142	 70.8228425323464563	 71.8172568594493441	 71.8172568594493441	 73.8127482963312218	 73.8127482963312218	 75.8119014579989710	 76.8119014579988857	 77.8119139976665650	 78.8119139976665508	 79.8119265372252755	 80.8119265372252755	 81.8119390766750030	 82.8119390766749888	 83.8119516160157474	 84.8212530523531711	 85.8119641552475088	 86.8138329504542270	 86.8138329504542270	 88.8120644651783380	 89.8120644651783380	 90.8120770034293088	 91.8120770034293088	 92.8120895415713250	 93.8120895415713250	 94.8121020796043581	 95.8121020796043581	 96.8121146175284366	 97.8248207659310367	 98.8121271553435605	 99.8148039131868501	 99.8148039131868501	101.8120826125281155	102.8122274539420999	103.8122399907766464	104.8122399907766464	105.8122525275022525	106.8122525275022525	107.8122650641189182	108.8122650641189182	109.8122776006266434	110.8268324641452267	111.8122901370254283	112.8153526893908207	112.8153526893908207	114.8122315689369373	115.8123904242942501	116.8124029597126992	117.8124029597126992	118.8124154950222220	119.8124154950222220	120.8124280302228328	121.8124280302228328	122.8124405653145175	123.8124405653145175	124.8124531002973043	125.8124531002973043	126.8132845051753179	127.8125408421274045	128.8125533762389523	129.8125533762389523	130.8125659102416023	131.8125659102416023	132.8125784441353687	133.8125784441353687	134.8125909779202516	135.8125909779202516	136.8126035115962225	137.8182755953730521	137.8182755953730521	139.8130256466335197	140.8127037770842946	141.8127163097803702	142.8127163097803702	143.8127288423675623	144.8127288423675623	145.8127413748458707	146.8127413748458707	147.8127539072153240	148.8127539072153240	149.8127664394759222	150.8127664394759222	151.8140348100249071	151.8140348100249071	153.8128666936417517	154.8128666936417517	155.8128792249226251	156.8128792249226251	157.8128917560946718	158.8128917560946718	159.8129042871578918	160.8129042871578918	161.8129168181122566	162.8189231294551007	162.8189231294551007	164.8132031275995928	165.8130170618290151	166.8130295918038826	167.8130295918038826	168.8130421216699233	169.8130421216699233	170.8130546514271657	171.8130546514271657	172.8130671810755530	173.8130671810755530	174.8130797106151419	175.8130797106151419	176.8137590382257827	177.8131674143454859	178.8131799430145747	179.8131799430145747	180.8131924715748937	181.8131924715748937	182.8132050000264144	183.8132050000264144	184.8132175283691083	185.8132175283691083	186.8132300566030324	187.8132300566030324	188.8141991347424664	189.8133177511943472	190.8133302785579701	191.8133302785579701	192.8133428058128231	193.8133428058128231	194.8133553329589063	195.8133553329589063	196.8133678599961911	197.8133678599961911	198.8133803869247345	199.8133803869247345	200.8144511073044782	201.8134680723789245	202.8134805984373372	203.8134805984373372	204.8134931243870085	204.8134931243870085	204.8134931243870085	204.8134931243870085	204.8134931243870085	204.8134931243870085	204.8134931243870085	204.8134931243870085	204.8134931243870085	204.8134931243870085	204.8134931243870085	204.8134931243870085	204.8134931243870085	204.8134931243870085	204.8134931243870085	204.8134931243870085	204.8134931243870085	204.8134931243870085	204.8134931243870085	204.8134931243870085	204.8134931243870085	204.8134931243870085	204.8134931243870085	204.8134931243870085	204.8134931243870085	204.8134931243870085	204.8134931243870085	204.8134931243870085	204.8134931243870085	204.8134931243870085	204.8134931243870085	204.8134931243870085	204.8134931243870085	204.8134931243870085	204.8134931243870085	204.8134931243870085
p                     :	                   3	                   3	                   3	                   3	                   3	                   3	                   3	                   3	                   3	                   3	                   3	                   3	                   2	                   2	                   2	                   2	                   2	                   2	                   2	                   2	                   2	                   2	                   2	                   2	                   2	                   3	                   3	                   3	                   3	                   3	                   3	                   3	                   3	                   3	                   3	                   3	                   3	                   3	                   3	                   4	                   4	                   4	                   4	                   4	                   4	                   4	                   4	                   4	                   4	                   4	                   4	                   4	                   4	                   5	                   5	                   5	                   5	                   5	                   5	                   5	                   5	                   5	                   5	                   5	                   5	                   5	                   5	                   5	                   6	                   5	                   6	                   6	                   6	                   6	                   6	                   6	                   6	                   6	                   6	                   6	                   6	                   7	                   6	                   7	                   7	                   7	                   7	                   7	                   7	                   7	                   7	                   7	                   7	                   7	                   8	                   7	                   8	                   8	                   8	                   8	                   8	                   8	                   8	                   8	                   8	                   8	                   8	                   8	                   8	                   8	                   9	                   9	                   9	                   9	                   9	                   9	                   9	                   9	                   9	                   9	                   9	                  10	                  10	                  10	                  10	                  10	                  10	                  10	                  10	                  10	                  10	                  10	                  10	                  10	                  10	                  11	                  11	                  11	                  11	                  11	                  11	                  11	                  11	                  11	                  11	                  11	                  12	                  12	                  12	                  12	                  12	                  12	                  12	                  12	                  12	                  12	                  12	                  12	                  12	                  12	                  13	                  13	                  13	                  13	                  13	                  13	                  13	                  13	                  13	                  13	                  13	                  13	                  14	                  14	                  14	                  14	                  14	                  14	                  14	                  14	                  14	                  14	                  14	                  14	                  15	                  15	                  15	                  15	                  15	                  15	                  15	                  15	                  15	                  15	                  15	                  15	                  15	                  15	                  15	                  15	                  15	                  15	                  15	                  15	                  15	                  15	                  15	                  15	                  15	                  15	                  15	                  15	                  15	                  15	                  15	                  15	                  15	                  15	                  15	                  15	                  15	                  15	                  15	                  15
l                     :	                  22	                  23	                  23	                  24	                  24	                  25	                  25	                  26	                  26	                  27	                  27	                  28	                  21	                  22	                  22	                  23	                  23	                  24	                  24	                  25	                  25	                  26	                  26	                  27	                  27	                  35	                  35	                  36	                  36	                  37	                  37	                  38	                  38	                  39	                  39	                  40	                  40	                  41	                  41	                  49	                  49	                  50	                  50	                  51	                  51	                  52	                  52	                  53	                  53	                  54	                  54	                  55	                  55	                  63	                  63	                  64	                  64	                  65	                  65	                  66	                  66	                  67	                  67	                  68	                  68	                  69	                  69	                  70	                  77	                  71	                  78	                  78	                  79	                  79	                  80	                  80	                  81	                  81	                  82	                  82	                  83	                  90	                  84	                  91	                  91	                  92	                  92	                  93	                  93	                  94	                  94	                  95	                  95	                  96	                 103	                  97	                 104	                 104	                 105	                 105	                 106	                 106	                 107	                 107	                 108	                 108	                 109	                 109	                 110	                 110	                 117	                 117	                 118	                 118	                 119	                 119	                 120	                 120	                 121	                 121	                 122	                 129	                 129	                 130	                 130	                 131	                 131	                 132	                 132	                 133	                 133	                 134	                 134	                 135	                 135	                 142	                 142	                 143	                 143	                 144	                 144	                 145	                 145	                 146	                 146	                 147	                 154	                 154	                 155	                 155	                 156	                 156	                 157	                 157	                 158	                 158	                 159	                 159	                 160	                 160	                 167	                 167	                 168	                 168	                 169	                 169	                 170	                 170	                 171	                 171	                 172	                 172	                 179	                 179	                 180	                 180	                 181	                 181	                 182	                 182	                 183	                 183	                 184	                 184	                 191	                 191	                 192	                 192	                 193	                 193	                 193	                 193	                 193	                 193	                 193	                 193	                 193	                 193	                 193	                 193	                 193	                 193	                 193	                 193	                 193	                 193	                 193	                 193	                 193	                 193	                 193	                 193	                 193	                 193	                 193	                 193	                 193	                 193	                 193	                 193	                 193	                 193	                 193	                 193
r                     :	  0.5000000000000000	  0.4890715286379839	  0.4781428256068591	  0.4672137116581812	  0.4562838626224991	  0.4453531651066624	  0.4344212156964031	  0.4234879621794668	  0.4125529169075968	  0.4016160836754101	  0.3906768849307116	  0.3797353745204072	  0.3080937958679292	  0.2920453074646219	  0.2759810367441802	  0.2598996241807810	  0.2437979966422433	  0.2276742753351007	  0.2115245057843662	  0.1953459388805807	  0.1791332664801989	  0.1628822279773660	  0.1465852574068325	  0.1302352811015929	  0.1138205134793711	  0.2260833921676995	  0.2260833921676995	  0.2040135717694875	  0.2040135717694875	  0.1818940428684205	  0.1818940428684205	  0.1597134612532424	  0.1485954206960148	  0.1374565723135260	  0.1262928484355365	  0.1151019824750614	  0.1038783948446978	  0.0926179669539904	  0.0813123431424081	  0.1724552503410287	  0.1724552503410287	  0.1554883342803298	  0.1554883342803298	  0.1384802891008639	  0.1384802891008639	  0.1214221426181501	  0.1128703165746353	  0.1043017279753410	  0.0957127215195697	  0.0871018380778878	  0.0784641712258911	  0.0697967192088977	  0.0610922506799001	  0.1374070181971548	  0.1304827559465528	  0.1235509152788413	  0.1235509152788413	  0.1096586558213594	  0.1096586558213594	  0.0957222949924819	  0.0887339689563528	  0.0817309344190486	  0.0747096327259726	  0.0676689389633297	  0.0606040942128370	  0.0535124561520224	  0.0463869535464944	  0.0392216438647448	  0.1061889994983703	  0.0247191297508825	  0.0944178933081210	  0.0944178933081210	  0.0826097633622778	  0.0766887654489580	  0.0707556457065781	  0.0648071659537165	  0.0588427433586089	  0.0528581748403425	  0.0468516775846163	  0.0408172217863457	  0.0347504630493599	  0.0925027177511435	  0.0224783385267064	  0.0822638707788065	  0.0822638707788065	  0.0719925212946755	  0.0668419293002470	  0.0616808260515209	  0.0565061325036585	  0.0513175832372170	  0.0461112522690099	  0.0408858250325220	  0.0356357739636391	  0.0303575453132594	  0.0812434375741961	  0.0196795751299338	  0.0721648364139948	  0.0721648364139948	  0.0630566522599156	  0.0584889137610148	  0.0539116697334893	  0.0493219035627222	  0.0447195311170133	  0.0401007364990980	  0.0354644382733584	  0.0308052895588923	  0.0261200472074956	  0.0213998211889257	  0.0166354586224086	  0.0118064981455461	  0.0594265873554181	  0.0553240272238212	  0.0512136569381886	  0.0470927156556418	  0.0429615061516689	  0.0388166628966342	  0.0346577647579930	  0.0304803398682400	  0.0262824736202100	  0.0220573128364815	  0.0177992198847123	  0.0596785320632552	  0.0596785320632552	  0.0522297793852446	  0.0484942055619878	  0.0447510942173068	  0.0409976319901494	  0.0372341431606582	  0.0334571766316097	  0.0296662729831088	  0.0258567739135025	  0.0220265401118275	  0.0181681716742535	  0.0142750414961683	  0.0103311322682756	  0.0492235961691205	  0.0492235961691205	  0.0423637969870444	  0.0389214014417977	  0.0354703292265205	  0.0320073670872292	  0.0285324233575974	  0.0250413011897962	  0.0215325758045418	  0.0179999051879751	  0.0144384800076497	  0.0494753339979725	  0.0494753339979725	  0.0431463290888747	  0.0399717322319781	  0.0367904689667428	  0.0335997415970216	  0.0304000260769561	  0.0271879071688344	  0.0239630883438313	  0.0207209508304699	  0.0174594834273952	  0.0141712007583355	  0.0108492054716301	  0.0074760686427757	  0.0405528654611865	  0.0375986745853514	  0.0346384316154276	  0.0316694084837043	  0.0286922190702916	  0.0257035772655072	  0.0227034062405348	  0.0196873431312659	  0.0166537937375886	  0.0135958720060864	  0.0105077494440276	  0.0073740834369454	  0.0380232750563281	  0.0352586856065442	  0.0324884921545023	  0.0297100050930306	  0.0269239348138615	  0.0241270687733454	  0.0213194727655564	  0.0184969270047304	  0.0156580826153413	  0.0127963660035563	  0.0099064917311739	  0.0069740416819172	  0.0355596281858794	  0.0329598704040393	  0.0303548267075048	  0.0277418218188668	  0.0251216305837436	  0.0251216305837436	  0.0251216305837436	  0.0251216305837436	  0.0251216305837436	  0.0251216305837436	  0.0251216305837436	  0.0251216305837436	  0.0251216305837436	  0.0251216305837436	  0.0251216305837436	  0.0251216305837436	  0.0251216305837436	  0.0251216305837436	  0.0251216305837436	  0.0251216305837436	  0.0251216305837436	  0.0251216305837436	  0.0251216305837436	  0.0251216305837436	  0.0251216305837436	  0.0251216305837436	  0.0251216305837436	  0.0251216305837436	  0.0251216305837436	  0.0251216305837436	  0.0251216305837436	  0.0251216305837436	  0.0251216305837436	  0.0251216305837436	  0.0251216305837436	  0.0251216305837436	  0.0251216305837436	  0.0251216305837436	  0.0251216305837436	  0.0251216305837436

MMT-DOOM
--------
log2 # Instances      :	                   0	                   1	                   2	                   3	                   4	                   5	                   6	                   7	                   8	                   9	                  10	                  11	                  12	                  13	                  14	                  15	                  16	                  17	                  18	                  19	                  20	                  21	                  22	                  23	                  24	                  25	                  26	                  27	                  28	                  29	                  30	                  31	                  32	                  33	                  34	                  35	                  36	                  37	                  38	                  39	                  40	                  41	                  42	                  43	                  44	                  45	                  46	                  47	                  48	                  49	                  50	                  51	                  52	                  53	                  54	                  55	                  56	                  57	                  58	                  59	                  60	                  61	                  62	                  63	                  64	                  65	                  66	                  67	                  68	                  69	                  70	                  71	                  72	                  73	                  74	                  75	                  76	                  77	                  78	                  79	                  80	                  81	                  82	                  83	                  84	                  85	                  86	                  87	                  88	                  89	                  90	                  91	                  92	                  93	                  94	                  95	                  96	                  97	                  98	                  99	                 100	                 101	                 102	                 103	                 104	                 105	                 106	                 107	                 108	                 109	                 110	                 111	                 112	                 113	                 114	                 115	                 116	                 117	                 118	                 119	                 120	                 121	                 122	                 123	                 124	                 125	                 126	                 127	                 128	                 129	                 130	                 131	                 132	                 133	                 134	                 135	                 136	                 137	                 138	                 139	                 140	                 141	                 142	                 143	                 144	                 145	                 146	                 147	                 148	                 149	                 150	                 151	                 152	                 153	                 154	                 155	                 156	                 157	                 158	                 159	                 160	                 161	                 162	                 163	                 164	                 165	                 166	                 167	                 168	                 169	                 170	                 171	                 172	                 173	                 174	                 175	                 176	                 177	                 178	                 179	                 180	                 181	                 182	                 183	                 184	                 185	                 186	                 187	                 188	                 189	                 190	                 191	                 192	                 193	                 194	                 195	                 196	                 197	                 198	                 199	                 200	                 201	                 202	                 203	                 204	                 205	                 206	                 207	                 208	                 209	                 210	                 211	                 212	                 213	                 214	                 215	                 216	                 217	                 218	                 219	                 220	                 221	                 222	                 223
log2 # syndromes used :	  0.0000000000000000	  1.0000000000000000	  2.0000000000000000	  3.0000000000000000	  4.0000000000000000	  5.0000000000000000	  6.0000000000000000	  7.0000000000000000	  8.0000000000000000	  9.0000000000000000	 10.0000000000000000	 11.0000000000000000	 11.0000000000000000	 11.0000000000000000	 11.0000000000000000	 15.0000000000000000	 16.0000000000000000	 17.0000000000000000	 17.0000000000000000	 17.0000000000000000	 19.7648861653025669	 19.7648861653025669	 19.7648861653025669	 23.0000000000000000	 24.0000000000000000	 25.0000000000000000	 26.0000000000000000	 27.0000000000000000	 27.0000000000000000	 28.9812286877753387	 28.9812286877753387	 28.9812286877753387	 28.9812286877753387	 28.9812286877753387	 28.9812286877753387	 28.9812286877753387	 28.9812286877753387	 28.9812286877753387	 37.8079593349752940	 37.8079593349752940	 37.8079593349752940	 37.8079593349752940	 37.8079593349752940	 37.8079593349752940	 37.8079593349752940	 37.8079593349752940	 37.8079593349752940	 37.8079593349752940	 37.8079593349752940	 37.8079593349752940	 37.8079593349752940	 37.8079593349752940	 37.8079593349752940	 53.0000000000000000	 54.0000000000000000	 54.0000000000000000	 55.5774875457743676	 55.5774875457743676	 55.5774875457743676	 55.5774875457743676	 55.5774875457743676	 55.5774875457743676	 55.5774875457743676	 55.5774875457743676	 55.5774875457743676	 55.5774875457743676	 55.5774875457743676	 55.5774875457743676	 55.5774875457743676	 55.5774875457743676	 55.5774875457743676	 55.5774875457743676	 55.5774875457743676	 72.7444739569723708	 72.7444739569723708	 72.7444739569723708	 72.7444739569723708	 72.7444739569723708	 72.7444739569723708	 72.7444739569723708	 72.7444739569723708	 72.7444739569723708	 72.7444739569723708	 72.7444739569723708	 72.7444739569723708	 72.7444739569723708	 72.7444739569723708	 72.7444739569723708	 72.7444739569723708	 88.9217368140551372	 88.9217368140551372	 88.9217368140551372	 88.9217368140551372	 88.9217368140551372	 88.9217368140551372	 88.9217368140551372	 88.9217368140551372	 88.9217368140551372	 88.9217368140551372	 88.9217368140551372	 88.9217368140551372	 88.9217368140551372	 88.9217368140551372	 88.9217368140551372	 88.9217368140551372	 88.9217368140551372	 88.9217368140551372	 88.9217368140551372	 88.9217368140551372	 88.9217368140551372	 88.9217368140551372	 88.9217368140551372	 88.9217368140551372	 88.9217368140551372	 88.9217368140551372	 88.9217368140551372	 88.9217368140551372	 88.9217368140551372	 88.9217368140551372	 88.9217368140551372	 88.9217368140551372	 88.9217368140551372	 88.9217368140551372	 88.9217368140551372	 88.9217368140551372	 88.9217368140551372	 88.9217368140551372	 88.9217368140551372	 88.9217368140551372	 88.9217368140551372	 88.9217368140551372	 88.9217368140551372	 88.9217368140551372	 88.9217368140551372	 88.9217368140551372	 88.9217368140551372	 88.9217368140551372	 88.9217368140551372	 88.9217368140551372	 88.9217368140551372	 88.9217368140551372	 88.9217368140551372	 88.9217368140551372	 88.9217368140551372	 88.9217368140551372	 88.9217368140551372	 88.9217368140551372	 88.9217368140551372	 88.9217368140551372	 88.9217368140551372	 88.9217368140551372	 88.9217368140551372	 88.9217368140551372	 88.9217368140551372	 88.9217368140551372	 88.9217368140551372	 88.9217368140551372	 88.9217368140551372	 88.9217368140551372	 88.9217368140551372	 88.9217368140551372	 88.9217368140551372	 88.9217368140551372	 88.9217368140551372	 88.9217368140551372	 88.9217368140551372	 88.9217368140551372	 88.9217368140551372	 88.9217368140551372	 88.9217368140551372	 88.9217368140551372	 88.9217368140551372	 88.9217368140551372	 88.9217368140551372	 88.9217368140551372	 88.9217368140551372	 88.9217368140551372	 88.9217368140551372	 88.9217368140551372	 88.9217368140551372	 88.9217368140551372	 88.9217368140551372	 88.9217368140551372	 88.9217368140551372	 88.9217368140551372	 88.9217368140551372	 88.9217368140551372	 88.9217368140551372	 88.9217368140551372	 88.9217368140551372	 88.9217368140551372	 88.9217368140551372	 88.9217368140551372	 88.9217368140551372	 88.9217368140551372	 88.9217368140551372	 88.9217368140551372	 88.9217368140551372	 88.9217368140551372	 88.9217368140551372	 88.9217368140551372	 88.9217368140551372	 88.9217368140551372	 88.9217368140551372	 88.9217368140551372	 88.9217368140551372	 88.9217368140551372	 88.9217368140551372	 88.9217368140551372	 88.9217368140551372	 88.9217368140551372	 88.9217368140551372	 88.9217368140551372	 88.9217368140551372	 88.9217368140551372	 88.9217368140551372	 88.9217368140551372	 88.9217368140551372	 88.9217368140551372	 88.9217368140551372	 88.9217368140551372	 88.9217368140551372	 88.9217368140551372	 88.9217368140551372
Runtime               :	290.7762215460667790	289.4225857789361953	289.2184862675595127	289.1255915158445760	288.4142848723928410	287.4519537215862783	286.5035676942163718	285.5683612473617359	284.6488776301579833	283.7513957049746978	282.8870325734572475	282.0738531592627965	282.0738531592627965	282.0738531592627965	282.0738531592627965	279.8312183340603383	279.5899988075464080	279.4978595121520470	279.4978595121520470	279.4978595121520470	278.9111835039003040	278.9111835039003040	278.9111835039003040	278.3378313438653890	277.3875540333785921	276.5947008078913996	275.0461213329018619	274.2819759407723836	274.2819759407723836	273.2216842544463589	273.2216842544463589	273.2216842544463589	273.2216842544463589	273.2216842544463589	273.2216842544463589	273.2216842544463589	273.2216842544463589	273.2216842544463589	271.2302892419597242	271.2302892419597242	271.2302892419597242	271.2302892419597242	271.2302892419597242	271.2302892419597242	271.2302892419597242	271.2302892419597242	271.2302892419597242	271.2302892419597242	271.2302892419597242	271.2302892419597242	271.2302892419597242	271.2302892419597242	271.2302892419597242	270.6260354317645920	270.2193661180957633	270.2193661180957633	269.8282478373474191	269.8282478373474191	269.8282478373474191	269.8282478373474191	269.8282478373474191	269.8282478373474191	269.8282478373474191	269.8282478373474191	269.8282478373474191	269.8282478373474191	269.8282478373474191	269.8282478373474191	269.8282478373474191	269.8282478373474191	269.8282478373474191	269.8282478373474191	269.8282478373474191	268.1366664217337075	268.1366664217337075	268.1366664217337075	268.1366664217337075	268.1366664217337075	268.1366664217337075	268.1366664217337075	268.1366664217337075	268.1366664217337075	268.1366664217337075	268.1366664217337075	268.1366664217337075	268.1366664217337075	268.1366664217337075	268.1366664217337075	268.1366664217337075	264.7135273064245098	264.7135273064245098	264.7135273064245098	264.7135273064245098	264.7135273064245098	264.7135273064245098	264.7135273064245098	264.7135273064245098	264.7135273064245098	264.7135273064245098	264.7135273064245098	264.7135273064245098	264.7135273064245098	264.7135273064245098	264.7135273064245098	264.7135273064245098	264.7135273064245098	264.7135273064245098	264.7135273064245098	264.7135273064245098	264.7135273064245098	264.7135273064245098	264.7135273064245098	264.7135273064245098	264.7135273064245098	264.7135273064245098	264.7135273064245098	264.7135273064245098	264.7135273064245098	264.7135273064245098	264.7135273064245098	264.7135273064245098	264.7135273064245098	264.7135273064245098	264.7135273064245098	264.7135273064245098	264.7135273064245098	264.7135273064245098	264.7135273064245098	264.7135273064245098	264.7135273064245098	264.7135273064245098	264.7135273064245098	264.7135273064245098	264.7135273064245098	264.7135273064245098	264.7135273064245098	264.7135273064245098	264.7135273064245098	264.7135273064245098	264.7135273064245098	264.7135273064245098	264.7135273064245098	264.7135273064245098	264.7135273064245098	264.7135273064245098	264.7135273064245098	264.7135273064245098	264.7135273064245098	264.7135273064245098	264.7135273064245098	264.7135273064245098	264.7135273064245098	264.7135273064245098	264.7135273064245098	264.7135273064245098	264.7135273064245098	264.7135273064245098	264.7135273064245098	264.7135273064245098	264.7135273064245098	264.7135273064245098	264.7135273064245098	264.7135273064245098	264.7135273064245098	264.7135273064245098	264.7135273064245098	264.7135273064245098	264.7135273064245098	264.7135273064245098	264.7135273064245098	264.7135273064245098	264.7135273064245098	264.7135273064245098	264.7135273064245098	264.7135273064245098	264.7135273064245098	264.7135273064245098	264.7135273064245098	264.7135273064245098	264.7135273064245098	264.7135273064245098	264.7135273064245098	264.7135273064245098	264.7135273064245098	264.7135273064245098	264.7135273064245098	264.7135273064245098	264.7135273064245098	264.7135273064245098	264.7135273064245098	264.7135273064245098	264.7135273064245098	264.7135273064245098	264.7135273064245098	264.7135273064245098	264.7135273064245098	264.7135273064245098	264.7135273064245098	264.7135273064245098	264.7135273064245098	264.7135273064245098	264.7135273064245098	264.7135273064245098	264.7135273064245098	264.7135273064245098	264.7135273064245098	264.7135273064245098	264.7135273064245098	264.7135273064245098	264.7135273064245098	264.7135273064245098	264.7135273064245098	264.7135273064245098	264.7135273064245098	264.7135273064245098	264.7135273064245098	264.7135273064245098	264.7135273064245098	264.7135273064245098	264.7135273064245098	264.7135273064245098	264.7135273064245098	264.7135273064245098	264.7135273064245098
Speedups              :	  0.0000000000000000	  1.3536357671305836	  0.7788676392536331	  0.5502100100740677	  0.5904841684184845	  0.6648535648961001	  0.7121089753084012	  0.7439800426721490	  0.7659179894885995	  0.7805362045657868	  0.7889188972609531	  0.7911243988003620	  0.7251973655669985	  0.6694129528310756	  0.6215977419145702	  0.7296668808004294	  0.6991389211575232	  0.6634330608185136	  0.6265756685508185	  0.5935980017849859	  0.5932519021083238	  0.5650018115317369	  0.5393199110075670	  0.5407995740087561	  0.5578611463620078	  0.5672608295270152	  0.6050038543524968	  0.6108979853812739	  0.5890802001890856	  0.6053288721248421	  0.5851512430540140	  0.5662753965038845	  0.5485792903631381	  0.5319556755036491	  0.5163099203417770	  0.5015582083320120	  0.4876260358783450	  0.4744469538275789	  0.5143666395817647	  0.5011777513873604	  0.4886483076026764	  0.4767300561977331	  0.4653793405739775	  0.4545565652117920	  0.4442257341842513	  0.4343540512023790	  0.4249115718284142	  0.4158709000873841	  0.4072069230022303	  0.3988965776348379	  0.3909186460821411	  0.3832535745903344	  0.3758833135405203	  0.3801921908358903	  0.3806825079253892	  0.3737610077812912	  0.3740709590842743	  0.3675083106792870	  0.3611719604951614	  0.3550504018427010	  0.3491328951453226	  0.3434094050609731	  0.3378705436890219	  0.3325075191860216	  0.3273120891987400	  0.3222765185956825	  0.3173935410412024	  0.3126563240107367	  0.3080584368929318	  0.3035938218654980	  0.2992567672674194	  0.2950418832213995	  0.2909440792877689	  0.3101308921141517	  0.3059399341126091	  0.3018607349911076	  0.2978888832149089	  0.2940201964199100	  0.2902507067222189	  0.2865766471434566	  0.2829944390541634	  0.2795006805473219	  0.2760921356625984	  0.2727657243895551	  0.2695185133849175	  0.2663477073450949	  0.2632506409806171	  0.2602247715440583	  0.2572676718674213	  0.2928392611195760	  0.2895854915515808	  0.2864032334026623	  0.2832901547787203	  0.2802440240821749	  0.2772627046770454	  0.2743441498909713	  0.2714863983296070	  0.2686875694808482	  0.2659458595881864	  0.2632595377741643	  0.2606269423964227	  0.2580464776202205	  0.2555166101925713	  0.2530358664042939	  0.2506028292273295	  0.2482161356156407	  0.2458744739588893	  0.2435765816788997	  0.2413212429596506	  0.2391072866022227	  0.2369335839967479	  0.2347990472039844	  0.2327026271396631	  0.2306433118552413	  0.2286201249091427	  0.2266321238229763	  0.2246783986176058	  0.2227580704242929	  0.2208702901664599	  0.2190142373079182	  0.2171891186636856	  0.2153941672697708	  0.2136286413085432	  0.2118918230865225	  0.2101830180616312	  0.2085015539171381	  0.2068467796797006	  0.2052180648790730	  0.2036147987472052	  0.2020363894545912	  0.2004822633818636	  0.1989518644247502	  0.1974446533306232	  0.1959601070649795	  0.1944977182062856	  0.1930569943677205	  0.1916374576444284	  0.1902386440849801	  0.1888601031858135	  0.1875013974074983	  0.1861621017117305	  0.1848418031180303	  0.1835401002791709	  0.1822566030744215	  0.1809909322197380	  0.1797427188940846	  0.1785116043811114	  0.1772972397254576	  0.1760992854029883	  0.1749174110043105	  0.1737512949309485	  0.1726006241035912	  0.1714650936818570	  0.1703444067950475	  0.1692382742833914	  0.1681464144493050	  0.1670685528182197	  0.1660044219085495	  0.1649537610103941	  0.1639163159725929	  0.1628918389977642	  0.1618800884449830	  0.1608808286397671	  0.1598938296910569	  0.1589188673148919	  0.1579557226644986	  0.1570041821665197	  0.1560640373631274	  0.1551350847597754	  0.1542171256783566	  0.1533099661155428	  0.1524134166060951	  0.1515272920909434	  0.1506514117898397	  0.1497855990784039	  0.1489296813693844	  0.1480834899979674	  0.1472468601109733	  0.1464196305597880	  0.1456016437968842	  0.1447927457757904	  0.1439927858543772	  0.1432016167013311	  0.1424190942056955	  0.1416450773893602	  0.1408794283223906	  0.1401220120410875	  0.1393726964686752	  0.1386313523385227	  0.1378978531198004	  0.1371720749454856	  0.1364538965426297	  0.1357431991648035	  0.1350398665266439	  0.1343437847404241	  0.1336548422545757	  0.1329729297940932	  0.1322979403027526	  0.1316297688870822	  0.1309683127620214	  0.1303134711982114	  0.1296651454708571	  0.1290232388101102	  0.1283876563529176	  0.1277583050962856	  0.1271350938519135	  0.1265179332021469	  0.1259067354572090	  0.1253014146136648	  0.1247018863140778	  0.1241080678078203	  0.1235198779129965	  0.1229372369794447	  0.1223600668527806	  0.1217882908394499	  0.1212218336727547	  0.1206606214798253	  0.1201045817495035	  0.1195536433011113	  0.1190077362540743	  0.1184667919983740	  0.1179307431658021	  0.1173995236019922	  0.1168730683392030
Memory                :	 60.6356075854416048	 59.5759004861754491	 59.5181456235790662	 59.4596340609442180	 38.3426192410522191	 39.3008399218636910	 40.2619786187730568	 41.1984744247092110	 42.1561895879765913	 43.1094632307542938	 44.0571715456083695	 44.9982293729485718	 44.9982293729485718	 44.9982293729485718	 44.9982293729485718	 47.5121878850336046	 47.4892723865990050	 47.4625099787139533	 47.4625099787139533	 47.4625099787139533	 48.5586908503906756	 48.5586908503906756	 48.5586908503906756	 57.4316177693201126	 58.5346375845074149	 59.6358336014179784	 59.7355573325509610	 60.8343174510763234	 60.8343174510763234	 61.6356321118197243	 61.6356321118197243	 61.6356321118197243	 61.6356321118197243	 61.6356321118197243	 61.6356321118197243	 61.6356321118197243	 61.6356321118197243	 61.6356321118197243	 71.9800054798402726	 71.9800054798402726	 71.9800054798402726	 71.9800054798402726	 71.9800054798402726	 71.9800054798402726	 71.9800054798402726	 71.9800054798402726	 71.9800054798402726	 71.9800054798402726	 71.9800054798402726	 71.9800054798402726	 71.9800054798402726	 71.9800054798402726	 71.9800054798402726	110.1267243791635195	110.2960330345791533	110.2960330345791533	110.4978222104566896	110.4978222104566896	110.4978222104566896	110.4978222104566896	110.4978222104566896	110.4978222104566896	110.4978222104566896	110.4978222104566896	110.4978222104566896	110.4978222104566896	110.4978222104566896	110.4978222104566896	110.4978222104566896	110.4978222104566896	110.4978222104566896	110.4978222104566896	110.4978222104566896	141.6822869490863468	141.6822869490863468	141.6822869490863468	141.6822869490863468	141.6822869490863468	141.6822869490863468	141.6822869490863468	141.6822869490863468	141.6822869490863468	141.6822869490863468	141.6822869490863468	141.6822869490863468	141.6822869490863468	141.6822869490863468	141.6822869490863468	141.6822869490863468	166.5628393534987026	166.5628393534987026	166.5628393534987026	166.5628393534987026	166.5628393534987026	166.5628393534987026	166.5628393534987026	166.5628393534987026	166.5628393534987026	166.5628393534987026	166.5628393534987026	166.5628393534987026	166.5628393534987026	166.5628393534987026	166.5628393534987026	166.5628393534987026	166.5628393534987026	166.5628393534987026	166.5628393534987026	166.5628393534987026	166.5628393534987026	166.5628393534987026	166.5628393534987026	166.5628393534987026	166.5628393534987026	166.5628393534987026	166.5628393534987026	166.5628393534987026	166.5628393534987026	166.5628393534987026	166.5628393534987026	166.5628393534987026	166.5628393534987026	166.5628393534987026	166.5628393534987026	166.5628393534987026	166.5628393534987026	166.5628393534987026	166.5628393534987026	166.5628393534987026	166.5628393534987026	166.5628393534987026	166.5628393534987026	166.5628393534987026	166.5628393534987026	166.5628393534987026	166.5628393534987026	166.5628393534987026	166.5628393534987026	166.5628393534987026	166.5628393534987026	166.5628393534987026	166.5628393534987026	166.5628393534987026	166.5628393534987026	166.5628393534987026	166.5628393534987026	166.5628393534987026	166.5628393534987026	166.5628393534987026	166.5628393534987026	166.5628393534987026	166.5628393534987026	166.5628393534987026	166.5628393534987026	166.5628393534987026	166.5628393534987026	166.5628393534987026	166.5628393534987026	166.5628393534987026	166.5628393534987026	166.5628393534987026	166.5628393534987026	166.5628393534987026	166.5628393534987026	166.5628393534987026	166.5628393534987026	166.5628393534987026	166.5628393534987026	166.5628393534987026	166.5628393534987026	166.5628393534987026	166.5628393534987026	166.5628393534987026	166.5628393534987026	166.5628393534987026	166.5628393534987026	166.5628393534987026	166.5628393534987026	166.5628393534987026	166.5628393534987026	166.5628393534987026	166.5628393534987026	166.5628393534987026	166.5628393534987026	166.5628393534987026	166.5628393534987026	166.5628393534987026	166.5628393534987026	166.5628393534987026	166.5628393534987026	166.5628393534987026	166.5628393534987026	166.5628393534987026	166.5628393534987026	166.5628393534987026	166.5628393534987026	166.5628393534987026	166.5628393534987026	166.5628393534987026	166.5628393534987026	166.5628393534987026	166.5628393534987026	166.5628393534987026	166.5628393534987026	166.5628393534987026	166.5628393534987026	166.5628393534987026	166.5628393534987026	166.5628393534987026	166.5628393534987026	166.5628393534987026	166.5628393534987026	166.5628393534987026	166.5628393534987026	166.5628393534987026	166.5628393534987026	166.5628393534987026	166.5628393534987026	166.5628393534987026	166.5628393534987026	166.5628393534987026	166.5628393534987026	166.5628393534987026	166.5628393534987026
p                     :	                   8	                   8	                   8	                   8	                   5	                   5	                   5	                   5	                   5	                   5	                   5	                   5	                   5	                   5	                   5	                   5	                   5	                   5	                   5	                   5	                   5	                   5	                   5	                   6	                   6	                   6	                   6	                   6	                   6	                   6	                   6	                   6	                   6	                   6	                   6	                   6	                   6	                   6	                   7	                   7	                   7	                   7	                   7	                   7	                   7	                   7	                   7	                   7	                   7	                   7	                   7	                   7	                   7	                  12	                  12	                  12	                  12	                  12	                  12	                  12	                  12	                  12	                  12	                  12	                  12	                  12	                  12	                  12	                  12	                  12	                  12	                  12	                  12	                  16	                  16	                  16	                  16	                  16	                  16	                  16	                  16	                  16	                  16	                  16	                  16	                  16	                  16	                  16	                  16	                  19	                  19	                  19	                  19	                  19	                  19	                  19	                  19	                  19	                  19	                  19	                  19	                  19	                  19	                  19	                  19	                  19	                  19	                  19	                  19	                  19	                  19	                  19	                  19	                  19	                  19	                  19	                  19	                  19	                  19	                  19	                  19	                  19	                  19	                  19	                  19	                  19	                  19	                  19	                  19	                  19	                  19	                  19	                  19	                  19	                  19	                  19	                  19	                  19	                  19	                  19	                  19	                  19	                  19	                  19	                  19	                  19	                  19	                  19	                  19	                  19	                  19	                  19	                  19	                  19	                  19	                  19	                  19	                  19	                  19	                  19	                  19	                  19	                  19	                  19	                  19	                  19	                  19	                  19	                  19	                  19	                  19	                  19	                  19	                  19	                  19	                  19	                  19	                  19	                  19	                  19	                  19	                  19	                  19	                  19	                  19	                  19	                  19	                  19	                  19	                  19	                  19	                  19	                  19	                  19	                  19	                  19	                  19	                  19	                  19	                  19	                  19	                  19	                  19	                  19	                  19	                  19	                  19	                  19	                  19	                  19	                  19	                  19	                  19	                  19	                  19	                  19	                  19	                  19	                  19	                  19	                  19	                  19	                  19	                  19
l                     :	                  81	                  81	                  81	                  81	                  58	                  59	                  60	                  60	                  61	                  62	                  63	                  64	                  64	                  64	                  64	                  66	                  66	                  67	                  67	                  67	                  68	                  68	                  68	                  76	                  77	                  78	                  79	                  80	                  80	                  81	                  81	                  81	                  81	                  81	                  81	                  81	                  81	                  81	                  92	                  92	                  92	                  92	                  92	                  92	                  92	                  92	                  92	                  92	                  92	                  92	                  92	                  92	                  92	                 133	                 133	                 133	                 134	                 134	                 134	                 134	                 134	                 134	                 134	                 134	                 134	                 134	                 134	                 134	                 134	                 134	                 134	                 134	                 134	                 168	                 168	                 168	                 168	                 168	                 168	                 168	                 168	                 168	                 168	                 168	                 168	                 168	                 168	                 168	                 168	                 195	                 195	                 195	                 195	                 195	                 195	                 195	                 195	                 195	                 195	                 195	                 195	                 195	                 195	                 195	                 195	                 195	                 195	                 195	                 195	                 195	                 195	                 195	                 195	                 195	                 195	                 195	                 195	                 195	                 195	                 195	                 195	                 195	                 195	                 195	                 195	                 195	                 195	                 195	                 195	                 195	                 195	                 195	                 195	                 195	                 195	                 195	                 195	                 195	                 195	                 195	                 195	                 195	                 195	                 195	                 195	                 195	                 195	                 195	                 195	                 195	                 195	                 195	                 195	                 195	                 195	                 195	                 195	                 195	                 195	                 195	                 195	                 195	                 195	                 195	                 195	                 195	                 195	                 195	                 195	                 195	                 195	                 195	                 195	                 195	                 195	                 195	                 195	                 195	                 195	                 195	                 195	                 195	                 195	                 195	                 195	                 195	                 195	                 195	                 195	                 195	                 195	                 195	                 195	                 195	                 195	                 195	                 195	                 195	                 195	                 195	                 195	                 195	                 195	                 195	                 195	                 195	                 195	                 195	                 195	                 195	                 195	                 195	                 195	                 195	                 195	                 195	                 195	                 195	                 195	                 195	                 195	                 195	                 195	                 195
b                     :	                   3	                   4	                   4	                   4	                   1	                   1	                   1	                   1	                   1	                   1	                   1	                   1	                   1	                   1	                   1	                   1	                   1	                   1	                   1	                   1	                   1	                   1	                   1	                   1	                   1	                   1	                   2	                   2	                   2	                   2	                   2	                   2	                   2	                   2	                   2	                   2	                   2	                   2	                   2	                   2	                   2	                   2	                   2	                   2	                   2	                   2	                   2	                   2	                   2	                   2	                   2	                   2	                   2	                   6	                   6	                   6	                   6	                   6	                   6	                   6	                   6	                   6	                   6	                   6	                   6	                   6	                   6	                   6	                   6	                   6	                   6	                   6	                   6	                   9	                   9	                   9	                   9	                   9	                   9	                   9	                   9	                   9	                   9	                   9	                   9	                   9	                   9	                   9	                   9	                  12	                  12	                  12	                  12	                  12	                  12	                  12	                  12	                  12	                  12	                  12	                  12	                  12	                  12	                  12	                  12	                  12	                  12	                  12	                  12	                  12	                  12	                  12	                  12	                  12	                  12	                  12	                  12	                  12	                  12	                  12	                  12	                  12	                  12	                  12	                  12	                  12	                  12	                  12	                  12	                  12	                  12	                  12	                  12	                  12	                  12	                  12	                  12	                  12	                  12	                  12	                  12	                  12	                  12	                  12	                  12	                  12	                  12	                  12	                  12	                  12	                  12	                  12	                  12	                  12	                  12	                  12	                  12	                  12	                  12	                  12	                  12	                  12	                  12	                  12	                  12	                  12	                  12	                  12	                  12	                  12	                  12	                  12	                  12	                  12	                  12	                  12	                  12	                  12	                  12	                  12	                  12	                  12	                  12	                  12	                  12	                  12	                  12	                  12	                  12	                  12	                  12	                  12	                  12	                  12	                  12	                  12	                  12	                  12	                  12	                  12	                  12	                  12	                  12	                  12	                  12	                  12	                  12	                  12	                  12	                  12	                  12	                  12	                  12	                  12	                  12	                  12	                  12	                  12	                  12	                  12	                  12	                  12	                  12	                  12
p_                    :	  3.9478721350137862	  3.9110347717476976	  3.8741996910719148	  3.8373671266276927	  2.3184099213784748	  2.2830113057681776	  2.2476187347018630	  2.2122321374530669	  2.1768529048744005	  2.1414810363029386	  2.1061169798737351	  2.0707611883087305	  2.0707611883087305	  2.0707611883087305	  2.0707611883087305	  1.9294279011498683	  1.8941192223387628	  1.8588226431552974	  1.8588226431552974	  1.8588226431552974	  1.6305927433316079	  1.6305927433316079	  1.6305927433316079	  2.1304245285253538	  2.0946539208552042	  2.0588953001111241	  2.0231490905019918	  1.9874157227649605	  1.9874157227649605	  1.9523060228213442	  1.9523060228213442	  1.9523060228213442	  1.9523060228213442	  1.9523060228213442	  1.9523060228213442	  1.9523060228213442	  1.9523060228213442	  1.9523060228213442	  2.2732407982227714	  2.2732407982227714	  2.2732407982227714	  2.2732407982227714	  2.2732407982227714	  2.2732407982227714	  2.2732407982227714	  2.2732407982227714	  2.2732407982227714	  2.2732407982227714	  2.2732407982227714	  2.2732407982227714	  2.2732407982227714	  2.2732407982227714	  2.2732407982227714	  3.9131795233591880	  3.8751883638598086	  3.8751883638598086	  3.8696573507296708	  3.8696573507296708	  3.8696573507296708	  3.8696573507296708	  3.8696573507296708	  3.8696573507296708	  3.8696573507296708	  3.8696573507296708	  3.8696573507296708	  3.8696573507296708	  3.8696573507296708	  3.8696573507296708	  3.8696573507296708	  3.8696573507296708	  3.8696573507296708	  3.8696573507296708	  3.8696573507296708	  5.1400367707060566	  5.1400367707060566	  5.1400367707060566	  5.1400367707060566	  5.1400367707060566	  5.1400367707060566	  5.1400367707060566	  5.1400367707060566	  5.1400367707060566	  5.1400367707060566	  5.1400367707060566	  5.1400367707060566	  5.1400367707060566	  5.1400367707060566	  5.1400367707060566	  5.1400367707060566	  6.0900763486319125	  6.0900763486319125	  6.0900763486319125	  6.0900763486319125	  6.0900763486319125	  6.0900763486319125	  6.0900763486319125	  6.0900763486319125	  6.0900763486319125	  6.0900763486319125	  6.0900763486319125	  6.0900763486319125	  6.0900763486319125	  6.0900763486319125	  6.0900763486319125	  6.0900763486319125	  6.0900763486319125	  6.0900763486319125	  6.0900763486319125	  6.0900763486319125	  6.0900763486319125	  6.0900763486319125	  6.0900763486319125	  6.0900763486319125	  6.0900763486319125	  6.0900763486319125	  6.0900763486319125	  6.0900763486319125	  6.0900763486319125	  6.0900763486319125	  6.0900763486319125	  6.0900763486319125	  6.0900763486319125	  6.0900763486319125	  6.0900763486319125	  6.0900763486319125	  6.0900763486319125	  6.0900763486319125	  6.0900763486319125	  6.0900763486319125	  6.0900763486319125	  6.0900763486319125	  6.0900763486319125	  6.0900763486319125	  6.0900763486319125	  6.0900763486319125	  6.0900763486319125	  6.0900763486319125	  6.0900763486319125	  6.0900763486319125	  6.0900763486319125	  6.0900763486319125	  6.0900763486319125	  6.0900763486319125	  6.0900763486319125	  6.0900763486319125	  6.0900763486319125	  6.0900763486319125	  6.0900763486319125	  6.0900763486319125	  6.0900763486319125	  6.0900763486319125	  6.0900763486319125	  6.0900763486319125	  6.0900763486319125	  6.0900763486319125	  6.0900763486319125	  6.0900763486319125	  6.0900763486319125	  6.0900763486319125	  6.0900763486319125	  6.0900763486319125	  6.0900763486319125	  6.0900763486319125	  6.0900763486319125	  6.0900763486319125	  6.0900763486319125	  6.0900763486319125	  6.0900763486319125	  6.0900763486319125	  6.0900763486319125	  6.0900763486319125	  6.0900763486319125	  6.0900763486319125	  6.0900763486319125	  6.0900763486319125	  6.0900763486319125	  6.0900763486319125	  6.0900763486319125	  6.0900763486319125	  6.0900763486319125	  6.0900763486319125	  6.0900763486319125	  6.0900763486319125	  6.0900763486319125	  6.0900763486319125	  6.0900763486319125	  6.0900763486319125	  6.0900763486319125	  6.0900763486319125	  6.0900763486319125	  6.0900763486319125	  6.0900763486319125	  6.0900763486319125	  6.0900763486319125	  6.0900763486319125	  6.0900763486319125	  6.0900763486319125	  6.0900763486319125	  6.0900763486319125	  6.0900763486319125	  6.0900763486319125	  6.0900763486319125	  6.0900763486319125	  6.0900763486319125	  6.0900763486319125	  6.0900763486319125	  6.0900763486319125	  6.0900763486319125	  6.0900763486319125	  6.0900763486319125	  6.0900763486319125	  6.0900763486319125	  6.0900763486319125	  6.0900763486319125	  6.0900763486319125	  6.0900763486319125	  6.0900763486319125	  6.0900763486319125	  6.0900763486319125	  6.0900763486319125	  6.0900763486319125	  6.0900763486319125	  6.0900763486319125	  6.0900763486319125
r                     :	  0.5000000000000000	  0.4897560682382135	  0.4800574374864043	  0.4704128641017064	  0.4382999031997573	  0.4225101990012216	  0.4063596131693471	  0.3898056928317783	  0.3728112967126892	  0.3553407237470761	  0.3373588552560480	  0.3188299198919924	  0.3188299198919924	  0.3188299198919924	  0.3188299198919924	  0.2384599220396039	  0.2165803318073196	  0.1938805685665885	  0.1938805685665885	  0.1938805685665885	  0.0000000000000000	  0.0000000000000000	  0.0000000000000000	  0.1375166489918341	  0.1157501548768884	  0.0931314803067659	  0.0695498674209825	  0.0448253503637384	  0.0448253503637384	  0.0000000000000000	  0.0000000000000000	  0.0000000000000000	  0.0000000000000000	  0.0000000000000000	  0.0000000000000000	  0.0000000000000000	  0.0000000000000000	  0.0000000000000000	  0.0000000000000000	  0.0000000000000000	  0.0000000000000000	  0.0000000000000000	  0.0000000000000000	  0.0000000000000000	  0.0000000000000000	  0.0000000000000000	  0.0000000000000000	  0.0000000000000000	  0.0000000000000000	  0.0000000000000000	  0.0000000000000000	  0.0000000000000000	  0.0000000000000000	  0.0302467311450936	  0.0162669751260326	  0.0162669751260326	  0.0000000000000000	  0.0000000000000000	  0.0000000000000000	  0.0000000000000000	  0.0000000000000000	  0.0000000000000000	  0.0000000000000000	  0.0000000000000000	  0.0000000000000000	  0.0000000000000000	  0.0000000000000000	  0.0000000000000000	  0.0000000000000000	  0.0000000000000000	  0.0000000000000000	  0.0000000000000000	  0.0000000000000000	  0.0000000000000000	  0.0000000000000000	  0.0000000000000000	  0.0000000000000000	  0.0000000000000000	  0.0000000000000000	  0.0000000000000000	  0.0000000000000000	  0.0000000000000000	  0.0000000000000000	  0.0000000000000000	  0.0000000000000000	  0.0000000000000000	  0.0000000000000000	  0.0000000000000000	  0.0000000000000000	  0.0000000000000000	  0.0000000000000000	  0.0000000000000000	  0.0000000000000000	  0.0000000000000000	  0.0000000000000000	  0.0000000000000000	  0.0000000000000000	  0.0000000000000000	  0.0000000000000000	  0.0000000000000000	  0.0000000000000000	  0.0000000000000000	  0.0000000000000000	  0.0000000000000000	  0.0000000000000000	  0.0000000000000000	  0.0000000000000000	  0.0000000000000000	  0.0000000000000000	  0.0000000000000000	  0.0000000000000000	  0.0000000000000000	  0.0000000000000000	  0.0000000000000000	  0.0000000000000000	  0.0000000000000000	  0.0000000000000000	  0.0000000000000000	  0.0000000000000000	  0.0000000000000000	  0.0000000000000000	  0.0000000000000000	  0.0000000000000000	  0.0000000000000000	  0.0000000000000000	  0.0000000000000000	  0.0000000000000000	  0.0000000000000000	  0.0000000000000000	  0.0000000000000000	  0.0000000000000000	  0.0000000000000000	  0.0000000000000000	  0.0000000000000000	  0.0000000000000000	  0.0000000000000000	  0.0000000000000000	  0.0000000000000000	  0.0000000000000000	  0.0000000000000000	  0.0000000000000000	  0.0000000000000000	  0.0000000000000000	  0.0000000000000000	  0.0000000000000000	  0.0000000000000000	  0.0000000000000000	  0.0000000000000000	  0.0000000000000000	  0.0000000000000000	  0.0000000000000000	  0.0000000000000000	  0.0000000000000000	  0.0000000000000000	  0.0000000000000000	  0.0000000000000000	  0.0000000000000000	  0.0000000000000000	  0.0000000000000000	  0.0000000000000000	  0.0000000000000000	  0.0000000000000000	  0.0000000000000000	  0.0000000000000000	  0.0000000000000000	  0.0000000000000000	  0.0000000000000000	  0.0000000000000000	  0.0000000000000000	  0.0000000000000000	  0.0000000000000000	  0.0000000000000000	  0.0000000000000000	  0.0000000000000000	  0.0000000000000000	  0.0000000000000000	  0.0000000000000000	  0.0000000000000000	  0.0000000000000000	  0.0000000000000000	  0.0000000000000000	  0.0000000000000000	  0.0000000000000000	  0.0000000000000000	  0.0000000000000000	  0.0000000000000000	  0.0000000000000000	  0.0000000000000000	  0.0000000000000000	  0.0000000000000000	  0.0000000000000000	  0.0000000000000000	  0.0000000000000000	  0.0000000000000000	  0.0000000000000000	  0.0000000000000000	  0.0000000000000000	  0.0000000000000000	  0.0000000000000000	  0.0000000000000000	  0.0000000000000000	  0.0000000000000000	  0.0000000000000000	  0.0000000000000000	  0.0000000000000000	  0.0000000000000000	  0.0000000000000000	  0.0000000000000000	  0.0000000000000000	  0.0000000000000000	  0.0000000000000000	  0.0000000000000000	  0.0000000000000000	  0.0000000000000000	  0.0000000000000000	  0.0000000000000000	  0.0000000000000000	  0.0000000000000000	  0.0000000000000000	  0.0000000000000000	  0.0000000000000000	  0.0000000000000000	  0.0000000000000000	  0.0000000000000000
