DS-DOOM
-------
log2 # Instances      :	                   0	                   1	                   2	                   3	                   4	                   5	                   6	                   7	                   8	                   9	                  10	                  11	                  12	                  13	                  14	                  15	                  16	                  17	                  18	                  19	                  20	                  21	                  22	                  23	                  24	                  25	                  26	                  27	                  28	                  29	                  30	                  31	                  32	                  33	                  34	                  35	                  36	                  37	                  38	                  39	                  40	                  41	                  42	                  43	                  44	                  45	                  46	                  47	                  48	                  49	                  50	                  51	                  52	                  53	                  54	                  55	                  56	                  57	                  58	                  59	                  60	                  61	                  62	                  63	                  64	                  65	                  66	                  67	                  68	                  69	                  70	                  71	                  72	                  73	                  74	                  75	                  76	                  77	                  78	                  79	                  80	                  81	                  82	                  83	                  84	                  85	                  86	                  87	                  88	                  89	                  90	                  91	                  92	                  93	                  94	                  95	                  96	                  97	                  98	                  99	                 100	                 101	                 102	                 103	                 104	                 105	                 106	                 107	                 108	                 109	                 110	                 111	                 112	                 113	                 114	                 115	                 116	                 117	                 118	                 119	                 120	                 121	                 122	                 123	                 124	                 125	                 126	                 127	                 128	                 129	                 130	                 131	                 132	                 133	                 134	                 135	                 136	                 137	                 138	                 139	                 140	                 141	                 142	                 143	                 144	                 145	                 146	                 147	                 148	                 149	                 150	                 151	                 152	                 153	                 154	                 155	                 156	                 157	                 158	                 159	                 160	                 161	                 162	                 163	                 164	                 165	                 166	                 167	                 168	                 169	                 170	                 171	                 172	                 173	                 174	                 175	                 176
log2 # syndromes used :	  0.0000000000000000	  1.0000000000000000	  2.0000000000000000	  3.0000000000000000	  4.0000000000000000	  5.0000000000000000	  6.0000000000000000	  7.0000000000000000	  8.0000000000000000	  9.0000000000000000	 10.0000000000000000	 11.0000000000000000	 12.0000000000000000	 13.0000000000000000	 14.0000000000000000	 15.0000000000000000	 16.0000000000000000	 17.0000000000000000	 18.0000000000000000	 19.0000000000000000	 20.0000000000000000	 21.0000000000000000	 22.0000000000000000	 23.0000000000000000	 24.0000000000000000	 25.0000000000000000	 25.0000000000000000	 27.0000000000000000	 27.0000000000000000	 29.0000000000000000	 30.0000000000000000	 31.0000000000000000	 32.0000000000000000	 33.0000000000000000	 34.0000000000000000	 35.0000000000000000	 36.0000000000000000	 37.0000000000000000	 38.0000000000000000	 39.0000000000000000	 40.0000000000000000	 40.0000000000000000	 42.0000000000000000	 43.0000000000000000	 44.0000000000000000	 45.0000000000000000	 46.0000000000000000	 47.0000000000000000	 48.0000000000000000	 49.0000000000000000	 50.0000000000000000	 51.0000000000000000	 52.0000000000000000	 53.0000000000000000	 53.0000000000000000	 55.0000000000000000	 56.0000000000000000	 57.0000000000000000	 58.0000000000000000	 59.0000000000000000	 60.0000000000000000	 61.0000000000000000	 62.0000000000000000	 63.0000000000000000	 64.0000000000000000	 65.0000000000000000	 66.0000000000000000	 66.0000000000000000	 68.0000000000000000	 69.0000000000000000	 70.0000000000000000	 71.0000000000000000	 72.0000000000000000	 73.0000000000000000	 74.0000000000000000	 75.0000000000000000	 76.0000000000000000	 77.0000000000000000	 78.0000000000000000	 78.0000000000000000	 80.0000000000000000	 80.0000000000000000	 82.0000000000000000	 83.0000000000000000	 84.0000000000000000	 85.0000000000000000	 86.0000000000000000	 87.0000000000000000	 88.0000000000000000	 89.0000000000000000	 90.0000000000000000	 91.0000000000000000	 92.0000000000000000	 92.0000000000000000	 94.0000000000000000	 95.0000000000000000	 96.0000000000000000	 97.0000000000000000	 98.0000000000000000	 99.0000000000000000	100.0000000000000000	101.0000000000000000	102.0000000000000000	103.0000000000000000	104.0000000000000000	104.0000000000000000	106.0000000000000000	107.0000000000000000	108.0000000000000000	109.0000000000000000	110.0000000000000000	111.0000000000000000	112.0000000000000000	113.0000000000000000	114.0000000000000000	115.0000000000000000	116.0000000000000000	116.0000000000000000	118.0000000000000000	119.0000000000000000	120.0000000000000000	121.0000000000000000	122.0000000000000000	123.0000000000000000	124.0000000000000000	125.0000000000000000	126.0000000000000000	127.0000000000000000	128.0000000000000000	128.0000000000000000	130.0000000000000000	131.0000000000000000	132.0000000000000000	133.0000000000000000	134.0000000000000000	135.0000000000000000	136.0000000000000000	137.0000000000000000	138.0000000000000000	139.0000000000000000	140.0000000000000000	141.0000000000000000	142.0000000000000000	143.0000000000000000	143.0000000000000000	143.0000000000000000	143.0000000000000000	143.0000000000000000	143.0000000000000000	143.0000000000000000	143.0000000000000000	143.0000000000000000	143.0000000000000000	143.0000000000000000	143.0000000000000000	143.0000000000000000	143.0000000000000000	143.0000000000000000	143.0000000000000000	143.0000000000000000	143.0000000000000000	143.0000000000000000	143.0000000000000000	143.0000000000000000	143.0000000000000000	143.0000000000000000	143.0000000000000000	143.0000000000000000	143.0000000000000000	143.0000000000000000	143.0000000000000000	143.0000000000000000	143.0000000000000000	143.0000000000000000	143.0000000000000000	143.0000000000000000	143.0000000000000000
Runtime               :	236.0128061110189037	235.0109931654043010	234.7167505078377872	233.7195771367411794	233.5519959329296853	232.5572875871534677	232.4680009697437981	231.4744272941728127	231.4285599598180454	230.4354972214307509	230.4123185226951023	229.4195613940329395	228.9713998296282682	228.4155048668012000	227.6032981610995307	227.1227789634284591	226.1949014995363711	226.0267151758353066	225.1736898934696285	225.0869038005556035	224.3394138177760624	224.2893522666113881	223.6761321254897155	223.4787587359330132	223.1715836178705104	222.5272541496419763	222.5272541496419763	221.6172614900602298	221.6172614900602298	220.7855519436950544	220.6403733448482853	219.7638362688557550	219.7348875813482891	218.9373777191546822	218.9134464316041999	218.2282982182847206	218.2022109826529572	217.6549718120753596	217.3257925368613996	217.2183815459102050	216.4109889134650473	216.4109889134650473	215.5690689213599285	215.4462116258101787	214.5600203649264586	214.5248187691491069	213.7133616227074242	213.6871343977601896	212.9835860595537156	212.9571591008607356	212.3888481365900986	212.1449767003689999	211.9320732311180961	211.2414244045727401	211.2414244045727401	210.4186871232273290	210.2821135966914312	209.4067444307588346	209.3646038207855895	208.5706439822566836	208.5405107585879989	207.8610181833780359	207.8318481456642814	207.2911251194467752	206.9893241117735556	206.8579656261996433	206.1159167057433308	206.1159167057433308	205.3441445215836723	205.1501759775500773	204.3066498500692205	204.2575632991816974	203.5119718104509161	203.4768040654621473	202.8598449812596982	202.8260275573382216	202.3527557359674347	202.3142212035137106	201.8757411053292117	201.8757411053292117	201.0651895328310559	201.0651895328310559	200.0672340946429983	200.0126573191557213	199.2291912976707806	199.1927435347001847	198.5278485576221215	198.4951422628798241	197.9707722280420512	197.9342277789375544	197.5496159667099221	197.5066471809343795	196.8439244175520173	196.8439244175520173	195.8686047972238384	195.8082758555104874	195.0095899295245658	194.9709486200221136	194.2862609400646647	194.2532623787723480	193.7067962853707570	193.6708619939185212	193.2654605871425133	193.2230918552954506	192.6646204437294898	192.6646204437294898	191.6995506288343449	191.6334414779055635	190.8369336921720958	190.7953860373856685	190.1139752309893538	190.0794047247285334	189.5366617148809780	189.4996309712016114	189.0977159059101780	189.0545326638263646	188.5246267156551596	188.5246267156551596	187.5577911011755816	187.4862225825847304	186.7075823315252308	186.6627954232543232	186.0053368401374598	185.9683257275596873	185.4523318911855085	185.4131021552992138	185.0353735860412030	184.9901585025491499	184.4305231840812098	184.4305231840812098	183.4472938694094637	183.3708949524892375	182.6269546788237221	182.5788033881457011	181.9657087574382786	181.9255863819947763	181.4564228544904552	181.4138858826035801	181.0772406470818794	181.0289821819175131	180.7950646258196628	180.1854618538627335	180.1027681485142864	179.2978550965628415	179.2978550965628415	179.2978550965628415	179.2978550965628415	179.2978550965628415	179.2978550965628415	179.2978550965628415	179.2978550965628415	179.2978550965628415	179.2978550965628415	179.2978550965628415	179.2978550965628415	179.2978550965628415	179.2978550965628415	179.2978550965628415	179.2978550965628415	179.2978550965628415	179.2978550965628415	179.2978550965628415	179.2978550965628415	179.2978550965628415	179.2978550965628415	179.2978550965628415	179.2978550965628415	179.2978550965628415	179.2978550965628415	179.2978550965628415	179.2978550965628415	179.2978550965628415	179.2978550965628415	179.2978550965628415	179.2978550965628415	179.2978550965628415	179.2978550965628415
Speedups              :	  0.0000000000000000	  1.0018129456146028	  0.6480278015905583	  0.7644096580925748	  0.6152025445223046	  0.6911037047730872	  0.5908008568791843	  0.6483398309780130	  0.5730307689001073	  0.6197009877320170	  0.5600487588323801	  0.5993858833623604	  0.5867838567825530	  0.5844077880167464	  0.6006791392799552	  0.5926684765060296	  0.6136190382176583	  0.5874171138343293	  0.6021731231971820	  0.5750474900243843	  0.5836696146621421	  0.5582597068765484	  0.5607579084331449	  0.5449585815254735	  0.5350509372145164	  0.5394220784550771	  0.5186750754375742	  0.5331683192947657	  0.5141265936056669	  0.5250777299077189	  0.5124144255390206	  0.5241603174891338	  0.5086849540522067	  0.5174372239958855	  0.5029223435121972	  0.5081287969352624	  0.4947387535657207	  0.4961576837552309	  0.4917635151094080	  0.4819083221822743	  0.4900454299388464	  0.4780931023793624	  0.4867556473728327	  0.4782928950048541	  0.4875633124111919	  0.4775108298193288	  0.4847705323545974	  0.4750142917714620	  0.4797754177388581	  0.4705234083705749	  0.4724791594885761	  0.4679966551107824	  0.4630910169211694	  0.4673845604989842	  0.4587292908601142	  0.4653476179598468	  0.4594766520415620	  0.4667730119343872	  0.4594517636247123	  0.4651213920129190	  0.4578715892071817	  0.4615047201252601	  0.4545315800863649	  0.4558996982789227	  0.4534919062382086	  0.4485360074587579	  0.4529831728072056	  0.4462222299294862	  0.4510097292564005	  0.4472844946879540	  0.4529450894421383	  0.4472569410117916	  0.4514004763967776	  0.4456986581583117	  0.4480129882399893	  0.4424903807157424	  0.4428953996717299	  0.4376439598377298	  0.4376546795601243	  0.4321147469074644	  0.4368452072273481	  0.4314520565208376	  0.4383606343460476	  0.4337367324320865	  0.4379001763493824	  0.4331772067802202	  0.4358715994581021	  0.4312375154958515	  0.4322958395792824	  0.4278491947424871	  0.4273687793812109	  0.4231446036273024	  0.4257487140594227	  0.4211707708974934	  0.4270659714233517	  0.4232055816369307	  0.4271168352238994	  0.4231119328968741	  0.4257810731730025	  0.4218135730529955	  0.4230600982564814	  0.4192271694762414	  0.4190916227831019	  0.4154341189876063	  0.4168094775700905	  0.4128398634979944	  0.4180495800206090	  0.4147604171319004	  0.4182951149893223	  0.4148387162718645	  0.4172620989093596	  0.4138144269035168	  0.4149655749655172	  0.4116210189364362	  0.4115358789921818	  0.4083328125842829	  0.4093808568565840	  0.4058818751740491	  0.4106357204224010	  0.4077864162053292	  0.4108768648291140	  0.4078513279980544	  0.4098972891055856	  0.4068656941744652	  0.4077457598373661	  0.4047976316457575	  0.4045827978172833	  0.4017531307753524	  0.4029865853667007	  0.3998626583483542	  0.4043500941662265	  0.4018466500651119	  0.4044382684257211	  0.4017594189689714	  0.4033365474147808	  0.4006460720668454	  0.4011498768862386	  0.3985322644409878	  0.3980838077096886	  0.3955670786266287	  0.3944124391799946	  0.3959386117528806	  0.3937326617077790	  0.3966080490521403	  0.3938538264892782	  0.3911375932031453	  0.3884585685921648	  0.3858159932956195	  0.3832091284760545	  0.3806372551305776	  0.3780996734297071	  0.3755957020824905	  0.3731246777266846	  0.3706859543428501	  0.3682789026912731	  0.3659029097706843	  0.3635573782977953	  0.3612417262067265	  0.3589553861674434	  0.3566978051223652	  0.3544684438403504	  0.3522667764873048	  0.3500922902126917	  0.3479444847512642	  0.3458228720393662	  0.3437269758451882	  0.3416563314123859	  0.3396104851165034	  0.3375889941336671	  0.3355914261210418	  0.3336173589085651	  0.3316663802014974	  0.3297380872933492	  0.3278320867887634	  0.3259479943359544	  0.3240854343683204	  0.3222440398548640
Memory                :	 32.8403976309014567	 32.8404110445200459	 32.8404378713830951	 32.8404915236126982	 32.8405988220864842	 32.8408133950964825	 32.8412424453994447	 32.8421001634027334	 32.8438140711195885	 32.8472357903039054	 32.8540549780530782	 32.8675974119332395	 32.8943067799357749	 32.9462863231182013	 33.0449434026090074	 33.2240673847416659	 33.5268504931494462	 33.9900816480481467	 34.6216797868770527	 35.3948980066513954	 36.2665669269485278	 37.1978501745543468	 38.1622241135773166	 39.1615970207922857	 40.1349150822080318	 41.1354562178599892	 41.1354562178599892	 43.1283292532628835	 43.1283292532628835	 45.1264044378810922	 46.1264706265774080	 47.1264665629071757	 48.1264544472396878	 49.1264685558631058	 50.1264655268760322	 51.1264841785311432	 52.1264834212721908	 53.1265032084961248	 54.1413323888720939	 55.1265230900877299	 56.1299661795257805	 56.1299661795257805	 58.1268571096031224	 59.1266843157300954	 60.1267044758016809	 61.1267044743224375	 62.1267246363310264	 63.1267246359612102	 64.1267447982427257	 65.1267447981502698	 66.1267649602886820	 67.1469659591974448	 68.1267851221568748	 69.1315061818505256	 69.1315061818505256	 71.1272751784028259	 72.1269464072262423	 73.1269665665931825	 74.1269665665929978	 75.1269867256785204	 76.1269867256784778	 77.1270068844823697	 78.1270068844823555	 79.1270270430046025	 80.1482462425206847	 81.1270472012451904	 82.1318546678114814	 82.1318546678114814	 84.1273696556598196	 85.1272084570307328	 86.1272286127366584	 87.1272286127366584	 88.1272487681609960	 89.1272487681609960	 90.1272689233037596	 91.1272689233037596	 92.1272890781649352	 93.1272890781649352	 94.1358955864836418	 94.1358955864836418	 96.1284712668693260	 96.1284712668693260	 98.1274704592460978	 99.1274704592460978	100.1274906112919751	101.1274906112919751	102.1275107630563781	103.1275107630563781	104.1275309145392924	105.1275309145392924	106.1275510657407466	107.1275510657407466	108.1296049256350784	108.1296049256350784	110.1277122652203246	111.1277122652203246	112.1277324138888929	113.1277324138888929	114.1277525622760578	115.1277525622760578	116.1277727103818478	117.1277727103818478	118.1277928582062628	119.1277928582062628	120.1304857081032083	120.1304857081032083	122.1279540306729388	123.1279540306729388	124.1279741759653206	125.1279741759653206	126.1279943209763985	127.1279943209763985	128.1280144657062010	129.1280144657062010	130.1280346101546854	131.1280346101546854	132.1308938402578406	132.1308938402578406	134.1281957556175257	135.1281957556175257	136.1282158975348580	137.1282158975348580	138.1282360391709574	139.1282360391709574	140.1282561805258808	141.1282561805258808	142.1282763215996283	143.1282763215996283	144.1307607167776155	144.1307607167776155	146.1284374400676427	147.1284374400676427	148.1284575786110338	149.1284575786110338	150.1284777168733342	151.1284777168733342	152.1284978548545155	153.1284978548545155	154.1285179925546061	155.1285179925546061	156.1285381299736059	157.1286589485852687	158.1286589485852687	159.1286790840368894	159.1286790840368894	159.1286790840368894	159.1286790840368894	159.1286790840368894	159.1286790840368894	159.1286790840368894	159.1286790840368894	159.1286790840368894	159.1286790840368894	159.1286790840368894	159.1286790840368894	159.1286790840368894	159.1286790840368894	159.1286790840368894	159.1286790840368894	159.1286790840368894	159.1286790840368894	159.1286790840368894	159.1286790840368894	159.1286790840368894	159.1286790840368894	159.1286790840368894	159.1286790840368894	159.1286790840368894	159.1286790840368894	159.1286790840368894	159.1286790840368894	159.1286790840368894	159.1286790840368894	159.1286790840368894	159.1286790840368894	159.1286790840368894	159.1286790840368894
p                     :	                   3	                   3	                   3	                   3	                   3	                   3	                   3	                   3	                   3	                   3	                   3	                   3	                   2	                   3	                   2	                   2	                   2	                   2	                   2	                   2	                   2	                   2	                   2	                   3	                   2	                   3	                   3	                   3	                   3	                   3	                   3	                   3	                   3	                   3	                   3	                   3	                   3	                   3	                   4	                   3	                   4	                   4	                   4	                   4	                   4	                   4	                   4	                   4	                   4	                   4	                   4	                   5	                   4	                   5	                   5	                   5	                   5	                   5	                   5	                   5	                   5	                   5	                   5	                   5	                   6	                   5	                   6	                   6	                   6	                   6	                   6	                   6	                   6	                   6	                   6	                   6	                   6	                   6	                   7	                   7	                   7	                   7	                   7	                   7	                   7	                   7	                   7	                   7	                   7	                   7	                   7	                   7	                   8	                   8	                   8	                   8	                   8	                   8	                   8	                   8	                   8	                   8	                   8	                   8	                   9	                   9	                   9	                   9	                   9	                   9	                   9	                   9	                   9	                   9	                   9	                   9	                  10	                  10	                  10	                  10	                  10	                  10	                  10	                  10	                  10	                  10	                  10	                  10	                  11	                  11	                  11	                  11	                  11	                  11	                  11	                  11	                  11	                  11	                  11	                  11	                  11	                  12	                  12	                  12	                  12	                  12	                  12	                  12	                  12	                  12	                  12	                  12	                  12	                  12	                  12	                  12	                  12	                  12	                  12	                  12	                  12	                  12	                  12	                  12	                  12	                  12	                  12	                  12	                  12	                  12	                  12	                  12	                  12	                  12	                  12	                  12	                  12
l                     :	                  21	                  22	                  22	                  23	                  23	                  24	                  24	                  25	                  25	                  26	                  26	                  27	                  21	                  28	                  22	                  22	                  23	                  23	                  24	                  24	                  25	                  25	                  26	                  33	                  27	                  34	                  34	                  35	                  35	                  36	                  36	                  37	                  37	                  38	                  38	                  39	                  39	                  40	                  47	                  41	                  48	                  48	                  49	                  49	                  50	                  50	                  51	                  51	                  52	                  52	                  53	                  60	                  54	                  61	                  61	                  62	                  62	                  63	                  63	                  64	                  64	                  65	                  65	                  66	                  73	                  67	                  74	                  74	                  75	                  75	                  76	                  76	                  77	                  77	                  78	                  78	                  79	                  79	                  86	                  86	                  87	                  87	                  88	                  88	                  89	                  89	                  90	                  90	                  91	                  91	                  92	                  92	                  99	                  99	                 100	                 100	                 101	                 101	                 102	                 102	                 103	                 103	                 104	                 104	                 111	                 111	                 112	                 112	                 113	                 113	                 114	                 114	                 115	                 115	                 116	                 116	                 123	                 123	                 124	                 124	                 125	                 125	                 126	                 126	                 127	                 127	                 128	                 128	                 135	                 135	                 136	                 136	                 137	                 137	                 138	                 138	                 139	                 139	                 140	                 140	                 141	                 147	                 147	                 148	                 148	                 148	                 148	                 148	                 148	                 148	                 148	                 148	                 148	                 148	                 148	                 148	                 148	                 148	                 148	                 148	                 148	                 148	                 148	                 148	                 148	                 148	                 148	                 148	                 148	                 148	                 148	                 148	                 148	                 148	                 148	                 148	                 148
r                     :	  0.5000000000000000	  0.4885584313933262	  0.4771165844101691	  0.4656742734884380	  0.4542310588211932	  0.4427868732307062	  0.4313411408123401	  0.4198939065882375	  0.4084444518461453	  0.3969929269135917	  0.3855384625462461	  0.3740813063389546	  0.2992835841535725	  0.3511561664359562	  0.2656747467156758	  0.2488387908654086	  0.2319787683151318	  0.2150897140059722	  0.1981689131401367	  0.1812097326188586	  0.1642077077223070	  0.1471534130422071	  0.1300389973052143	  0.2361962960333965	  0.0955703591629975	  0.2131008202910727	  0.2131008202910727	  0.1899526753296097	  0.1899526753296097	  0.1667395364324215	  0.1551031484750373	  0.1434448031644052	  0.1317593953375794	  0.1200451371412273	  0.1082952034107632	  0.0965058114386826	  0.0846670033817707	  0.0727708136088173	  0.1654211738694375	  0.0487375370804019	  0.1476103141769912	  0.1476103141769912	  0.1297475905117153	  0.1207924738808722	  0.1118204168107662	  0.1028268304761306	  0.0938110732089203	  0.0847672461353460	  0.0756932115455375	  0.0665807076229986	  0.0574244837260314	  0.1339340478970977	  0.0389279723380868	  0.1193793992788996	  0.1193793992788996	  0.1047804433251289	  0.0974605664709376	  0.0901264844953317	  0.0827737725350523	  0.0754023681041374	  0.0680066994878006	  0.0605853839896994	  0.0531307554289401	  0.0456386445369269	  0.1109488686727626	  0.0304940356272930	  0.0985948583214000	  0.0985948583214000	  0.0862008633487979	  0.0799853053557954	  0.0737570239412823	  0.0675115810022486	  0.0612491982082710	  0.0549643190838871	  0.0486558418497907	  0.0423161005834586	  0.0359411008384879	  0.0295183602444389	  0.0876788465196892	  0.0876788465196892	  0.0768963913026458	  0.0768963913026458	  0.0660717371190360	  0.0606394641524485	  0.0551932263171835	  0.0497279366093291	  0.0442432877866913	  0.0387325350712356	  0.0331931622444120	  0.0276147833151048	  0.0219891263048119	  0.0162949661810091	  0.0689352960465558	  0.0689352960465558	  0.0593361429016370	  0.0545189422292466	  0.0496896937161159	  0.0448435583597899	  0.0399807097383246	  0.0350948893792113	  0.0301844060930001	  0.0252399320580400	  0.0202550024619207	  0.0152114176365106	  0.0619527238923803	  0.0619527238923803	  0.0533141983187166	  0.0489788315857010	  0.0446326634938096	  0.0402709695489680	  0.0358942151747735	  0.0314963718503895	  0.0270761942983811	  0.0226248268618597	  0.0181366248109542	  0.0135945189532616	  0.0557146139267921	  0.0557146139267921	  0.0478496581805818	  0.0439020389369491	  0.0399443985975894	  0.0359720349675390	  0.0319855739170630	  0.0279790387612765	  0.0239513659010831	  0.0198937617799714	  0.0158007079615320	  0.0116549200201974	  0.0500620209647971	  0.0500620209647971	  0.0428333788539688	  0.0392044554272263	  0.0355659340611042	  0.0319130604151912	  0.0282465133620245	  0.0245602182895620	  0.0208530652625615	  0.0171159527768195	  0.0133428260054594	  0.0095147737754613	  0.0056030186481465	  0.0415373737860727	  0.0381843421458820	  0.0348232863424413	  0.0348232863424413	  0.0348232863424413	  0.0348232863424413	  0.0348232863424413	  0.0348232863424413	  0.0348232863424413	  0.0348232863424413	  0.0348232863424413	  0.0348232863424413	  0.0348232863424413	  0.0348232863424413	  0.0348232863424413	  0.0348232863424413	  0.0348232863424413	  0.0348232863424413	  0.0348232863424413	  0.0348232863424413	  0.0348232863424413	  0.0348232863424413	  0.0348232863424413	  0.0348232863424413	  0.0348232863424413	  0.0348232863424413	  0.0348232863424413	  0.0348232863424413	  0.0348232863424413	  0.0348232863424413	  0.0348232863424413	  0.0348232863424413	  0.0348232863424413	  0.0348232863424413	  0.0348232863424413	  0.0348232863424413

MMT-DOOM
--------
log2 # Instances      :	                   0	                   1	                   2	                   3	                   4	                   5	                   6	                   7	                   8	                   9	                  10	                  11	                  12	                  13	                  14	                  15	                  16	                  17	                  18	                  19	                  20	                  21	                  22	                  23	                  24	                  25	                  26	                  27	                  28	                  29	                  30	                  31	                  32	                  33	                  34	                  35	                  36	                  37	                  38	                  39	                  40	                  41	                  42	                  43	                  44	                  45	                  46	                  47	                  48	                  49	                  50	                  51	                  52	                  53	                  54	                  55	                  56	                  57	                  58	                  59	                  60	                  61	                  62	                  63	                  64	                  65	                  66	                  67	                  68	                  69	                  70	                  71	                  72	                  73	                  74	                  75	                  76	                  77	                  78	                  79	                  80	                  81	                  82	                  83	                  84	                  85	                  86	                  87	                  88	                  89	                  90	                  91	                  92	                  93	                  94	                  95	                  96	                  97	                  98	                  99	                 100	                 101	                 102	                 103	                 104	                 105	                 106	                 107	                 108	                 109	                 110	                 111	                 112	                 113	                 114	                 115	                 116	                 117	                 118	                 119	                 120	                 121	                 122	                 123	                 124	                 125	                 126	                 127	                 128	                 129	                 130	                 131	                 132	                 133	                 134	                 135	                 136	                 137	                 138	                 139	                 140	                 141	                 142	                 143	                 144	                 145	                 146	                 147	                 148	                 149	                 150	                 151	                 152	                 153	                 154	                 155	                 156	                 157	                 158	                 159	                 160	                 161	                 162	                 163	                 164	                 165	                 166	                 167	                 168	                 169	                 170	                 171	                 172	                 173	                 174	                 175	                 176
log2 # syndromes used :	  0.0000000000000000	  1.0000000000000000	  2.0000000000000000	  3.0000000000000000	  4.0000000000000000	  5.0000000000000000	  6.0000000000000000	  7.0000000000000000	  8.0000000000000000	  9.0000000000000000	 10.0000000000000000	 11.0000000000000000	 11.0000000000000000	 11.0000000000000000	 14.0000000000000000	 15.0000000000000000	 16.0000000000000000	 17.0000000000000000	 17.0000000000000000	 18.8537999152640019	 18.8537999152640019	 18.8537999152640019	 22.0000000000000000	 23.0000000000000000	 24.0000000000000000	 25.0000000000000000	 26.0000000000000000	 26.0000000000000000	 27.6149396227161255	 27.6149396227161255	 27.6149396227161255	 27.6149396227161255	 27.6149396227161255	 27.6149396227161255	 27.6149396227161255	 27.6149396227161255	 35.9864760896386429	 35.9864760896386429	 35.9864760896386429	 35.9864760896386429	 35.9864760896386429	 35.9864760896386429	 35.9864760896386429	 35.9864760896386429	 35.9864760896386429	 35.9864760896386429	 35.9864760896386429	 35.9864760896386429	 35.9864760896386429	 35.9864760896386429	 35.9864760896386429	 51.0000000000000000	 51.0000000000000000	 52.8476195897108667	 52.8476195897108667	 52.8476195897108667	 52.8476195897108667	 52.8476195897108667	 52.8476195897108667	 52.8476195897108667	 52.8476195897108667	 52.8476195897108667	 52.8476195897108667	 52.8476195897108667	 52.8476195897108667	 52.8476195897108667	 52.8476195897108667	 52.8476195897108667	 52.8476195897108667	 52.8476195897108667	 69.1070352617902586	 69.1070352617902586	 69.1070352617902586	 69.1070352617902586	 69.1070352617902586	 69.1070352617902586	 69.1070352617902586	 69.1070352617902586	 69.1070352617902586	 69.1070352617902586	 69.1070352617902586	 69.1070352617902586	 69.1070352617902586	 69.1070352617902586	 69.1070352617902586	 84.3768527249479519	 84.3768527249479519	 84.3768527249479519	 84.3768527249479519	 84.3768527249479519	 84.3768527249479519	 84.3768527249479519	 84.3768527249479519	 84.3768527249479519	 84.3768527249479519	 84.3768527249479519	 84.3768527249479519	 84.3768527249479519	 84.3768527249479519	 84.3768527249479519	 84.3768527249479519	 84.3768527249479519	 84.3768527249479519	 84.3768527249479519	 84.3768527249479519	 84.3768527249479519	 84.3768527249479519	 84.3768527249479519	 84.3768527249479519	 84.3768527249479519	 84.3768527249479519	 84.3768527249479519	 84.3768527249479519	 84.3768527249479519	 84.3768527249479519	 84.3768527249479519	 84.3768527249479519	 84.3768527249479519	 84.3768527249479519	 84.3768527249479519	 84.3768527249479519	 84.3768527249479519	 84.3768527249479519	 84.3768527249479519	 84.3768527249479519	 84.3768527249479519	 84.3768527249479519	 84.3768527249479519	 84.3768527249479519	 84.3768527249479519	 84.3768527249479519	 84.3768527249479519	 84.3768527249479519	 84.3768527249479519	 84.3768527249479519	 84.3768527249479519	 84.3768527249479519	 84.3768527249479519	 84.3768527249479519	 84.3768527249479519	 84.3768527249479519	 84.3768527249479519	 84.3768527249479519	 84.3768527249479519	 84.3768527249479519	 84.3768527249479519	 84.3768527249479519	 84.3768527249479519	 84.3768527249479519	 84.3768527249479519	 84.3768527249479519	 84.3768527249479519	 84.3768527249479519	 84.3768527249479519	 84.3768527249479519	 84.3768527249479519	 84.3768527249479519	 84.3768527249479519	 84.3768527249479519	 84.3768527249479519	 84.3768527249479519	 84.3768527249479519	 84.3768527249479519	 84.3768527249479519	 84.3768527249479519	 84.3768527249479519	 84.3768527249479519	 84.3768527249479519	 84.3768527249479519	 84.3768527249479519	 84.3768527249479519	 84.3768527249479519	 84.3768527249479519	 84.3768527249479519	 84.3768527249479519	 84.3768527249479519	 84.3768527249479519
Runtime               :	228.8356084204308445	227.4862216769542158	227.2857969218487142	227.0531682681536836	226.0594700423030190	225.0926109072795782	224.1448709324445758	223.2152523736768615	222.3073602873014352	221.4297806110782005	220.5976481730771184	219.8335910222571670	219.8335910222571670	219.8335910222571670	218.2139605705028202	217.9077191351303213	217.7741006921050939	217.7617592859209594	217.7617592859209594	217.1670815423213696	217.1670815423213696	217.1670815423213696	216.6384350359226687	215.7232177871339900	215.0061841717228504	213.4120230026115905	212.6942194237648494	212.6942194237648494	211.8732272166887185	211.8732272166887185	211.8732272166887185	211.8732272166887185	211.8732272166887185	211.8732272166887185	211.8732272166887185	211.8732272166887185	210.0755953916152521	210.0755953916152521	210.0755953916152521	210.0755953916152521	210.0755953916152521	210.0755953916152521	210.0755953916152521	210.0755953916152521	210.0755953916152521	210.0755953916152521	210.0755953916152521	210.0755953916152521	210.0755953916152521	210.0755953916152521	210.0755953916152521	209.9984894623844127	209.9984894623844127	209.4970981151821547	209.4970981151821547	209.4970981151821547	209.4970981151821547	209.4970981151821547	209.4970981151821547	209.4970981151821547	209.4970981151821547	209.4970981151821547	209.4970981151821547	209.4970981151821547	209.4970981151821547	209.4970981151821547	209.4970981151821547	209.4970981151821547	209.4970981151821547	209.4970981151821547	208.3197683881224123	208.3197683881224123	208.3197683881224123	208.3197683881224123	208.3197683881224123	208.3197683881224123	208.3197683881224123	208.3197683881224123	208.3197683881224123	208.3197683881224123	208.3197683881224123	208.3197683881224123	208.3197683881224123	208.3197683881224123	208.3197683881224123	205.7869800137486891	205.7869800137486891	205.7869800137486891	205.7869800137486891	205.7869800137486891	205.7869800137486891	205.7869800137486891	205.7869800137486891	205.7869800137486891	205.7869800137486891	205.7869800137486891	205.7869800137486891	205.7869800137486891	205.7869800137486891	205.7869800137486891	205.7869800137486891	205.7869800137486891	205.7869800137486891	205.7869800137486891	205.7869800137486891	205.7869800137486891	205.7869800137486891	205.7869800137486891	205.7869800137486891	205.7869800137486891	205.7869800137486891	205.7869800137486891	205.7869800137486891	205.7869800137486891	205.7869800137486891	205.7869800137486891	205.7869800137486891	205.7869800137486891	205.7869800137486891	205.7869800137486891	205.7869800137486891	205.7869800137486891	205.7869800137486891	205.7869800137486891	205.7869800137486891	205.7869800137486891	205.7869800137486891	205.7869800137486891	205.7869800137486891	205.7869800137486891	205.7869800137486891	205.7869800137486891	205.7869800137486891	205.7869800137486891	205.7869800137486891	205.7869800137486891	205.7869800137486891	205.7869800137486891	205.7869800137486891	205.7869800137486891	205.7869800137486891	205.7869800137486891	205.7869800137486891	205.7869800137486891	205.7869800137486891	205.7869800137486891	205.7869800137486891	205.7869800137486891	205.7869800137486891	205.7869800137486891	205.7869800137486891	205.7869800137486891	205.7869800137486891	205.7869800137486891	205.7869800137486891	205.7869800137486891	205.7869800137486891	205.7869800137486891	205.7869800137486891	205.7869800137486891	205.7869800137486891	205.7869800137486891	205.7869800137486891	205.7869800137486891	205.7869800137486891	205.7869800137486891	205.7869800137486891	205.7869800137486891	205.7869800137486891	205.7869800137486891	205.7869800137486891	205.7869800137486891	205.7869800137486891	205.7869800137486891	205.7869800137486891	205.7869800137486891	205.7869800137486891
Speedups              :	  0.0000000000000000	  1.3493867434766287	  0.7749057492910651	  0.5941467174257203	  0.6940345945319564	  0.7485995026302532	  0.7817895813310448	  0.8029080066791404	  0.8160310166411762	  0.8228697565947383	  0.8237960247353726	  0.8183652180157889	  0.7501681165144731	  0.6924628767825906	  0.7586891321377160	  0.7285259523533683	  0.6913442330203594	  0.6514028902652873	  0.6152138408061048	  0.6141329935847092	  0.5834263439054738	  0.5556441370528321	  0.5544169720230989	  0.5701039405781241	  0.5762260103628331	  0.6169434167127702	  0.6208226537179229	  0.5978292220987406	  0.6057993287050759	  0.5849096966807630	  0.5654127067914042	  0.5471735872174880	  0.5300744126169414	  0.5140115516285493	  0.4988935648159449	  0.4846394629640607	  0.5211114730226554	  0.5070273791571782	  0.4936845533898840	  0.4810259750978357	  0.4690003257203898	  0.4575612933857461	  0.4466669768765617	  0.4362793727631533	  0.4263639324730816	  0.4168891784181243	  0.4078263701916433	  0.3991492133790552	  0.3908336047669915	  0.3828574087513386	  0.3752002605763118	  0.3693552736871850	  0.3622522876547390	  0.3648775529292206	  0.3581205612083091	  0.3516092782772489	  0.3453305411651552	  0.3392721106183981	  0.3334225914698050	  0.3277713611059100	  0.3223085050874782	  0.3170247591024375	  0.3119114565362692	  0.3069604810356935	  0.3021642235195108	  0.2975155431576721	  0.2930077318977074	  0.2886344821678909	  0.2843898574301278	  0.2802682652934593	  0.2930834290329776	  0.2889554934127948	  0.2849422226709504	  0.2810389045521703	  0.2772410815176815	  0.2735445337641124	  0.2699452635830057	  0.2664394809390705	  0.2630235901578004	  0.2596941776241574	  0.2564480004038554	  0.2532819757075115	  0.2501931711257126	  0.2471787955699811	  0.2442361908608147	  0.2711603341962607	  0.2680073070544436	  0.2649267632951972	  0.2619162318941154	  0.2589733528840691	  0.2560958711853573	  0.2532816308426610	  0.2505285696378495	  0.2478347140503458	  0.2451981745391719	  0.2426171411229701	  0.2400898792362725	  0.2376147258420841	  0.2351900857824710	  0.2328144283503248	  0.2304862840668216	  0.2282042416503184	  0.2259669451635505	  0.2237730913270112	  0.2216214269873284	  0.2195107467303062	  0.2174398906290769	  0.2154077421185248	  0.2134132259877977	  0.2114553064833225	  0.2095329855152923	  0.2076453009611005	  0.2057913250596621	  0.2039701628909925	  0.2021809509358084	  0.2004228557102796	  0.1986950724713979	  0.1969968239887364	  0.1953273593786623	  0.1936859529973290	  0.1920719033890180	  0.1904845322866294	  0.1889231836613292	  0.1873872228185541	  0.1858760355377593	  0.1843890272534572	  0.1829256222752552	  0.1814852630447414	  0.1800674094272043	  0.1786715380362958	  0.1772971415898627	  0.1759437282952836	  0.1746108212627436	  0.1732979579449786	  0.1720046896021056	  0.1707305807902382	  0.1694752088726629	  0.1682381635524245	  0.1670190464252330	  0.1658174705516702	  0.1646330600477297	  0.1634654496927812	  0.1623142845540997	  0.1611792196271479	  0.1600599194908483	  0.1589560579771183	  0.1578673178539874	  0.1567933905216473	  0.1557339757208254	  0.1546887812529004	  0.1536575227112144	  0.1526399232230606	  0.1516357132018563	  0.1506446301090337	  0.1496664182252088	  0.1487008284302075	  0.1477476179915523	  0.1468065503610329	  0.1458773949790010	  0.1449599270860513	  0.1440539275417635	  0.1431591826501997	  0.1422754839918652	  0.1414026282618537	  0.1405404171139156	  0.1396886570101949	  0.1388471590763985	  0.1380157389621686	  0.1371942167064414	  0.1363824166075867	  0.1355801670981303	  0.1347873006238723	  0.1340036535272218	  0.1332290659345789	  0.1324633816475986	  0.1317064480381837	  0.1309581159470577
Memory                :	 57.8299459731428414	 56.7668034342286489	 56.7059189241883601	 35.9444770105893525	 36.8900924976157825	 37.8454960993582290	 38.8035917361256679	 39.7605681313616799	 40.7140696829202327	 41.6624173332155010	 42.6041008586643102	 43.5143145629922188	 43.5143145629922188	 43.5143145629922188	 45.3976318627207718	 45.3804207831361452	 45.3590707162171114	 45.2819504404505295	 45.2819504404505295	 46.4438894604462220	 46.4438894604462220	 46.4438894604462220	 55.0152553810798821	 56.1230676406515414	 57.2289195467166891	 57.3333055024062332	 58.4369213300491097	 58.4369213300491097	 58.8299873237693305	 58.8299873237693305	 58.8299873237693305	 58.8299873237693305	 58.8299873237693305	 58.8299873237693305	 58.8299873237693305	 58.8299873237693305	 68.7118922007569353	 68.7118922007569353	 68.7118922007569353	 68.7118922007569353	 68.7118922007569353	 68.7118922007569353	 68.7118922007569353	 68.7118922007569353	 68.7118922007569353	 68.7118922007569353	 68.7118922007569353	 68.7118922007569353	 68.7118922007569353	 68.7118922007569353	 68.7118922007569353	104.7106862432155339	104.7106862432155339	104.9604028337537471	104.9604028337537471	104.9604028337537471	104.9604028337537471	104.9604028337537471	104.9604028337537471	104.9604028337537471	104.9604028337537471	104.9604028337537471	104.9604028337537471	104.9604028337537471	104.9604028337537471	104.9604028337537471	104.9604028337537471	104.9604028337537471	104.9604028337537471	104.9604028337537471	134.5644239462762641	134.5644239462762641	134.5644239462762641	134.5644239462762641	134.5644239462762641	134.5644239462762641	134.5644239462762641	134.5644239462762641	134.5644239462762641	134.5644239462762641	134.5644239462762641	134.5644239462762641	134.5644239462762641	134.5644239462762641	134.5644239462762641	157.6242225746371730	157.6242225746371730	157.6242225746371730	157.6242225746371730	157.6242225746371730	157.6242225746371730	157.6242225746371730	157.6242225746371730	157.6242225746371730	157.6242225746371730	157.6242225746371730	157.6242225746371730	157.6242225746371730	157.6242225746371730	157.6242225746371730	157.6242225746371730	157.6242225746371730	157.6242225746371730	157.6242225746371730	157.6242225746371730	157.6242225746371730	157.6242225746371730	157.6242225746371730	157.6242225746371730	157.6242225746371730	157.6242225746371730	157.6242225746371730	157.6242225746371730	157.6242225746371730	157.6242225746371730	157.6242225746371730	157.6242225746371730	157.6242225746371730	157.6242225746371730	157.6242225746371730	157.6242225746371730	157.6242225746371730	157.6242225746371730	157.6242225746371730	157.6242225746371730	157.6242225746371730	157.6242225746371730	157.6242225746371730	157.6242225746371730	157.6242225746371730	157.6242225746371730	157.6242225746371730	157.6242225746371730	157.6242225746371730	157.6242225746371730	157.6242225746371730	157.6242225746371730	157.6242225746371730	157.6242225746371730	157.6242225746371730	157.6242225746371730	157.6242225746371730	157.6242225746371730	157.6242225746371730	157.6242225746371730	157.6242225746371730	157.6242225746371730	157.6242225746371730	157.6242225746371730	157.6242225746371730	157.6242225746371730	157.6242225746371730	157.6242225746371730	157.6242225746371730	157.6242225746371730	157.6242225746371730	157.6242225746371730	157.6242225746371730	157.6242225746371730	157.6242225746371730	157.6242225746371730	157.6242225746371730	157.6242225746371730	157.6242225746371730	157.6242225746371730	157.6242225746371730	157.6242225746371730	157.6242225746371730	157.6242225746371730	157.6242225746371730	157.6242225746371730	157.6242225746371730	157.6242225746371730	157.6242225746371730	157.6242225746371730	157.6242225746371730	157.6242225746371730
p                     :	                   8	                   8	                   8	                   5	                   5	                   5	                   5	                   5	                   5	                   5	                   5	                   5	                   5	                   5	                   5	                   5	                   5	                   5	                   5	                   5	                   5	                   5	                   6	                   6	                   6	                   6	                   6	                   6	                   6	                   6	                   6	                   6	                   6	                   6	                   6	                   6	                   7	                   7	                   7	                   7	                   7	                   7	                   7	                   7	                   7	                   7	                   7	                   7	                   7	                   7	                   7	                  12	                  12	                  12	                  12	                  12	                  12	                  12	                  12	                  12	                  12	                  12	                  12	                  12	                  12	                  12	                  12	                  12	                  12	                  12	                  16	                  16	                  16	                  16	                  16	                  16	                  16	                  16	                  16	                  16	                  16	                  16	                  16	                  16	                  16	                  19	                  19	                  19	                  19	                  19	                  19	                  19	                  19	                  19	                  19	                  19	                  19	                  19	                  19	                  19	                  19	                  19	                  19	                  19	                  19	                  19	                  19	                  19	                  19	                  19	                  19	                  19	                  19	                  19	                  19	                  19	                  19	                  19	                  19	                  19	                  19	                  19	                  19	                  19	                  19	                  19	                  19	                  19	                  19	                  19	                  19	                  19	                  19	                  19	                  19	                  19	                  19	                  19	                  19	                  19	                  19	                  19	                  19	                  19	                  19	                  19	                  19	                  19	                  19	                  19	                  19	                  19	                  19	                  19	                  19	                  19	                  19	                  19	                  19	                  19	                  19	                  19	                  19	                  19	                  19	                  19	                  19	                  19	                  19	                  19	                  19	                  19	                  19	                  19	                  19	                  19	                  19
l                     :	                  77	                  77	                  77	                  54	                  55	                  56	                  57	                  58	                  59	                  60	                  61	                  61	                  61	                  61	                  63	                  63	                  64	                  64	                  64	                  65	                  65	                  65	                  73	                  74	                  75	                  76	                  77	                  77	                  77	                  77	                  77	                  77	                  77	                  77	                  77	                  77	                  87	                  87	                  87	                  87	                  87	                  87	                  87	                  87	                  87	                  87	                  87	                  87	                  87	                  87	                  87	                 127	                 127	                 127	                 127	                 127	                 127	                 127	                 127	                 127	                 127	                 127	                 127	                 127	                 127	                 127	                 127	                 127	                 127	                 127	                 160	                 160	                 160	                 160	                 160	                 160	                 160	                 160	                 160	                 160	                 160	                 160	                 160	                 160	                 160	                 185	                 185	                 185	                 185	                 185	                 185	                 185	                 185	                 185	                 185	                 185	                 185	                 185	                 185	                 185	                 185	                 185	                 185	                 185	                 185	                 185	                 185	                 185	                 185	                 185	                 185	                 185	                 185	                 185	                 185	                 185	                 185	                 185	                 185	                 185	                 185	                 185	                 185	                 185	                 185	                 185	                 185	                 185	                 185	                 185	                 185	                 185	                 185	                 185	                 185	                 185	                 185	                 185	                 185	                 185	                 185	                 185	                 185	                 185	                 185	                 185	                 185	                 185	                 185	                 185	                 185	                 185	                 185	                 185	                 185	                 185	                 185	                 185	                 185	                 185	                 185	                 185	                 185	                 185	                 185	                 185	                 185	                 185	                 185	                 185	                 185	                 185	                 185	                 185	                 185	                 185	                 185
b                     :	                   3	                   4	                   4	                   1	                   1	                   1	                   1	                   1	                   1	                   1	                   1	                   1	                   1	                   1	                   1	                   1	                   1	                   1	                   1	                   1	                   1	                   1	                   1	                   1	                   1	                   2	                   2	                   2	                   2	                   2	                   2	                   2	                   2	                   2	                   2	                   2	                   2	                   2	                   2	                   2	                   2	                   2	                   2	                   2	                   2	                   2	                   2	                   2	                   2	                   2	                   2	                   6	                   6	                   6	                   6	                   6	                   6	                   6	                   6	                   6	                   6	                   6	                   6	                   6	                   6	                   6	                   6	                   6	                   6	                   6	                   9	                   9	                   9	                   9	                   9	                   9	                   9	                   9	                   9	                   9	                   9	                   9	                   9	                   9	                   9	                  12	                  12	                  12	                  12	                  12	                  12	                  12	                  12	                  12	                  12	                  12	                  12	                  12	                  12	                  12	                  12	                  12	                  12	                  12	                  12	                  12	                  12	                  12	                  12	                  12	                  12	                  12	                  12	                  12	                  12	                  12	                  12	                  12	                  12	                  12	                  12	                  12	                  12	                  12	                  12	                  12	                  12	                  12	                  12	                  12	                  12	                  12	                  12	                  12	                  12	                  12	                  12	                  12	                  12	                  12	                  12	                  12	                  12	                  12	                  12	                  12	                  12	                  12	                  12	                  12	                  12	                  12	                  12	                  12	                  12	                  12	                  12	                  12	                  12	                  12	                  12	                  12	                  12	                  12	                  12	                  12	                  12	                  12	                  12	                  12	                  12	                  12	                  12	                  12	                  12	                  12	                  12
p_                    :	  3.9451103928490663	  3.9063208559268094	  3.8675340189337590	  2.3463796515970037	  2.3091764470343978	  2.2719799619172907	  2.2347907245106806	  2.1976092675588563	  2.1604361288015022	  2.1232718512140591	  2.0861169834270847	  2.0489707417105167	  2.0489707417105167	  2.0489707417105167	  1.9375994700497901	  1.9004981129282235	  1.8634112679466255	  1.8263358729920565	  1.8263358729920565	  1.6287625258955274	  1.6287625258955274	  1.6287625258955274	  2.1233463022322634	  2.0857413373420606	  2.0481505028994733	  2.0105743183564719	  1.9730133116650410	  1.9730133116650410	  1.9498548839943401	  1.9498548839943401	  1.9498548839943401	  1.9498548839943401	  1.9498548839943401	  1.9498548839943401	  1.9498548839943401	  1.9498548839943401	  2.2701162439668661	  2.2701162439668661	  2.2701162439668661	  2.2701162439668661	  2.2701162439668661	  2.2701162439668661	  2.2701162439668661	  2.2701162439668661	  2.2701162439668661	  2.2701162439668661	  2.2701162439668661	  2.2701162439668661	  2.2701162439668661	  2.2701162439668661	  2.2701162439668661	  3.8791800339271902	  3.8791800339271902	  3.8625621162043662	  3.8625621162043662	  3.8625621162043662	  3.8625621162043662	  3.8625621162043662	  3.8625621162043662	  3.8625621162043662	  3.8625621162043662	  3.8625621162043662	  3.8625621162043662	  3.8625621162043662	  3.8625621162043662	  3.8625621162043662	  3.8625621162043662	  3.8625621162043662	  3.8625621162043662	  3.8625621162043662	  5.1292226619016699	  5.1292226619016699	  5.1292226619016699	  5.1292226619016699	  5.1292226619016699	  5.1292226619016699	  5.1292226619016699	  5.1292226619016699	  5.1292226619016699	  5.1292226619016699	  5.1292226619016699	  5.1292226619016699	  5.1292226619016699	  5.1292226619016699	  5.1292226619016699	  6.0762300454267013	  6.0762300454267013	  6.0762300454267013	  6.0762300454267013	  6.0762300454267013	  6.0762300454267013	  6.0762300454267013	  6.0762300454267013	  6.0762300454267013	  6.0762300454267013	  6.0762300454267013	  6.0762300454267013	  6.0762300454267013	  6.0762300454267013	  6.0762300454267013	  6.0762300454267013	  6.0762300454267013	  6.0762300454267013	  6.0762300454267013	  6.0762300454267013	  6.0762300454267013	  6.0762300454267013	  6.0762300454267013	  6.0762300454267013	  6.0762300454267013	  6.0762300454267013	  6.0762300454267013	  6.0762300454267013	  6.0762300454267013	  6.0762300454267013	  6.0762300454267013	  6.0762300454267013	  6.0762300454267013	  6.0762300454267013	  6.0762300454267013	  6.0762300454267013	  6.0762300454267013	  6.0762300454267013	  6.0762300454267013	  6.0762300454267013	  6.0762300454267013	  6.0762300454267013	  6.0762300454267013	  6.0762300454267013	  6.0762300454267013	  6.0762300454267013	  6.0762300454267013	  6.0762300454267013	  6.0762300454267013	  6.0762300454267013	  6.0762300454267013	  6.0762300454267013	  6.0762300454267013	  6.0762300454267013	  6.0762300454267013	  6.0762300454267013	  6.0762300454267013	  6.0762300454267013	  6.0762300454267013	  6.0762300454267013	  6.0762300454267013	  6.0762300454267013	  6.0762300454267013	  6.0762300454267013	  6.0762300454267013	  6.0762300454267013	  6.0762300454267013	  6.0762300454267013	  6.0762300454267013	  6.0762300454267013	  6.0762300454267013	  6.0762300454267013	  6.0762300454267013	  6.0762300454267013	  6.0762300454267013	  6.0762300454267013	  6.0762300454267013	  6.0762300454267013	  6.0762300454267013	  6.0762300454267013	  6.0762300454267013	  6.0762300454267013	  6.0762300454267013	  6.0762300454267013	  6.0762300454267013	  6.0762300454267013	  6.0762300454267013	  6.0762300454267013	  6.0762300454267013	  6.0762300454267013	  6.0762300454267013	  6.0762300454267013
r                     :	  0.5000000000000000	  0.4891852996741020	  0.4789731837073709	  0.4513469688180068	  0.4350385461960636	  0.4183847506161145	  0.4013266284433026	  0.3838161692066158	  0.3658102393775637	  0.3472675407629538	  0.3281468111868918	  0.3084049340126651	  0.3084049340126651	  0.3084049340126651	  0.2449931550863018	  0.2222844874275534	  0.1986890932332053	  0.1741302737019763	  0.1741302737019763	  0.0000000000000000	  0.0000000000000000	  0.0000000000000000	  0.1354704840208284	  0.1125179896918506	  0.0886028039687268	  0.0635819772240332	  0.0372027790713181	  0.0372027790713181	  0.0000000000000000	  0.0000000000000000	  0.0000000000000000	  0.0000000000000000	  0.0000000000000000	  0.0000000000000000	  0.0000000000000000	  0.0000000000000000	  0.0000000000000000	  0.0000000000000000	  0.0000000000000000	  0.0000000000000000	  0.0000000000000000	  0.0000000000000000	  0.0000000000000000	  0.0000000000000000	  0.0000000000000000	  0.0000000000000000	  0.0000000000000000	  0.0000000000000000	  0.0000000000000000	  0.0000000000000000	  0.0000000000000000	  0.0211770625910724	  0.0211770625910724	  0.0000000000000000	  0.0000000000000000	  0.0000000000000000	  0.0000000000000000	  0.0000000000000000	  0.0000000000000000	  0.0000000000000000	  0.0000000000000000	  0.0000000000000000	  0.0000000000000000	  0.0000000000000000	  0.0000000000000000	  0.0000000000000000	  0.0000000000000000	  0.0000000000000000	  0.0000000000000000	  0.0000000000000000	  0.0000000000000000	  0.0000000000000000	  0.0000000000000000	  0.0000000000000000	  0.0000000000000000	  0.0000000000000000	  0.0000000000000000	  0.0000000000000000	  0.0000000000000000	  0.0000000000000000	  0.0000000000000000	  0.0000000000000000	  0.0000000000000000	  0.0000000000000000	  0.0000000000000000	  0.0000000000000000	  0.0000000000000000	  0.0000000000000000	  0.0000000000000000	  0.0000000000000000	  0.0000000000000000	  0.0000000000000000	  0.0000000000000000	  0.0000000000000000	  0.0000000000000000	  0.0000000000000000	  0.0000000000000000	  0.0000000000000000	  0.0000000000000000	  0.0000000000000000	  0.0000000000000000	  0.0000000000000000	  0.0000000000000000	  0.0000000000000000	  0.0000000000000000	  0.0000000000000000	  0.0000000000000000	  0.0000000000000000	  0.0000000000000000	  0.0000000000000000	  0.0000000000000000	  0.0000000000000000	  0.0000000000000000	  0.0000000000000000	  0.0000000000000000	  0.0000000000000000	  0.0000000000000000	  0.0000000000000000	  0.0000000000000000	  0.0000000000000000	  0.0000000000000000	  0.0000000000000000	  0.0000000000000000	  0.0000000000000000	  0.0000000000000000	  0.0000000000000000	  0.0000000000000000	  0.0000000000000000	  0.0000000000000000	  0.0000000000000000	  0.0000000000000000	  0.0000000000000000	  0.0000000000000000	  0.0000000000000000	  0.0000000000000000	  0.0000000000000000	  0.0000000000000000	  0.0000000000000000	  0.0000000000000000	  0.0000000000000000	  0.0000000000000000	  0.0000000000000000	  0.0000000000000000	  0.0000000000000000	  0.0000000000000000	  0.0000000000000000	  0.0000000000000000	  0.0000000000000000	  0.0000000000000000	  0.0000000000000000	  0.0000000000000000	  0.0000000000000000	  0.0000000000000000	  0.0000000000000000	  0.0000000000000000	  0.0000000000000000	  0.0000000000000000	  0.0000000000000000	  0.0000000000000000	  0.0000000000000000	  0.0000000000000000	  0.0000000000000000	  0.0000000000000000	  0.0000000000000000	  0.0000000000000000	  0.0000000000000000	  0.0000000000000000	  0.0000000000000000	  0.0000000000000000	  0.0000000000000000	  0.0000000000000000	  0.0000000000000000	  0.0000000000000000	  0.0000000000000000	  0.0000000000000000	  0.0000000000000000	  0.0000000000000000
