DS-DOOM
-------
log2 # Instances      :	                   0	                   1	                   2	                   3	                   4	                   5	                   6	                   7	                   8	                   9	                  10	                  11	                  12	                  13	                  14	                  15	                  16	                  17	                  18	                  19	                  20	                  21	                  22	                  23	                  24	                  25	                  26	                  27	                  28	                  29	                  30	                  31	                  32	                  33	                  34	                  35	                  36	                  37	                  38	                  39	                  40	                  41	                  42	                  43	                  44	                  45	                  46	                  47	                  48	                  49	                  50	                  51	                  52	                  53	                  54	                  55	                  56	                  57	                  58	                  59	                  60	                  61	                  62	                  63	                  64	                  65	                  66	                  67	                  68	                  69	                  70	                  71	                  72	                  73	                  74	                  75	                  76	                  77	                  78	                  79	                  80	                  81	                  82	                  83	                  84	                  85	                  86	                  87	                  88	                  89	                  90	                  91	                  92	                  93	                  94	                  95	                  96	                  97	                  98	                  99	                 100	                 101	                 102	                 103	                 104	                 105	                 106	                 107	                 108	                 109	                 110	                 111	                 112	                 113	                 114	                 115	                 116	                 117	                 118
log2 # syndromes used :	  0.0000000000000000	  1.0000000000000000	  2.0000000000000000	  3.0000000000000000	  4.0000000000000000	  5.0000000000000000	  6.0000000000000000	  7.0000000000000000	  8.0000000000000000	  9.0000000000000000	 10.0000000000000000	 11.0000000000000000	 12.0000000000000000	 13.0000000000000000	 14.0000000000000000	 15.0000000000000000	 16.0000000000000000	 17.0000000000000000	 18.0000000000000000	 19.0000000000000000	 20.0000000000000000	 21.0000000000000000	 22.0000000000000000	 23.0000000000000000	 24.0000000000000000	 25.0000000000000000	 26.0000000000000000	 27.0000000000000000	 28.0000000000000000	 29.0000000000000000	 30.0000000000000000	 31.0000000000000000	 32.0000000000000000	 33.0000000000000000	 34.0000000000000000	 35.0000000000000000	 36.0000000000000000	 37.0000000000000000	 38.0000000000000000	 39.0000000000000000	 40.0000000000000000	 41.0000000000000000	 42.0000000000000000	 43.0000000000000000	 44.0000000000000000	 45.0000000000000000	 46.0000000000000000	 47.0000000000000000	 48.0000000000000000	 49.0000000000000000	 50.0000000000000000	 51.0000000000000000	 52.0000000000000000	 53.0000000000000000	 54.0000000000000000	 55.0000000000000000	 56.0000000000000000	 57.0000000000000000	 58.0000000000000000	 59.0000000000000000	 60.0000000000000000	 61.0000000000000000	 62.0000000000000000	 63.0000000000000000	 64.0000000000000000	 65.0000000000000000	 66.0000000000000000	 67.0000000000000000	 68.0000000000000000	 69.0000000000000000	 70.0000000000000000	 71.0000000000000000	 72.0000000000000000	 73.0000000000000000	 74.0000000000000000	 75.0000000000000000	 76.0000000000000000	 77.0000000000000000	 78.0000000000000000	 79.0000000000000000	 80.0000000000000000	 81.0000000000000000	 82.0000000000000000	 83.0000000000000000	 84.0000000000000000	 85.0000000000000000	 86.0000000000000000	 87.0000000000000000	 88.0000000000000000	 89.0000000000000000	 90.0000000000000000	 91.0000000000000000	 92.0000000000000000	 92.7596344079468622	 92.7596344079468622	 92.7596344079468622	 92.7596344079468622	 92.7596344079468622	 92.7596344079468622	 92.7596344079468622	 92.7596344079468622	 92.7596344079468622	 92.7596344079468622	 92.7596344079468622	 92.7596344079468622	 92.7596344079468622	 92.7596344079468622	 92.7596344079468622	 92.7596344079468622	 92.7596344079468622	 92.7596344079468622	 92.7596344079468622	 92.7596344079468622	 92.7596344079468622	 92.7596344079468622	 92.7596344079468622	 92.7596344079468622	 92.7596344079468622	 92.7596344079468622
Runtime               :	158.5013558009397059	157.7568356419743907	157.6707620523291666	156.9933088298593873	156.9423404922416694	156.3429676458627569	156.0403331567214309	155.2479567440377082	155.0294636768081489	154.2755605010203226	154.1127011040917409	153.4229777850391656	153.2890342990386614	152.6992367237468216	152.5715881376690959	151.9006376892467074	151.6260574767411526	150.8052918980926904	150.6295053069133587	149.8394798808429016	149.7312869497273482	149.0010715920339521	148.9204913298123643	148.2987126292116500	148.2149395234961560	147.4490602785446072	147.2008161014174448	146.3917599311097320	146.2349422465938744	145.4696808976114539	145.3334201630511870	144.6844132452821157	144.5347989135936473	144.0450327515036975	143.8156936279229114	142.9995651035999913	142.7838373885630290	141.9797086550614154	141.8122769702817436	141.0499490923739359	140.9471397000153274	140.2614540576879563	140.1644641804868456	139.6235044007401314	139.3653831031675168	138.5492089043990518	138.3325358486277423	137.5482556244838293	137.4136369610312727	136.6915556980182487	136.5541354716261822	135.9841376456918738	135.7906425895042446	135.1517182734044695	134.8820300200453062	134.0872409066942055	133.9165212005597141	133.1405188231291561	132.9977385529944343	132.2689211455610234	132.1812331649443877	131.5472442775840705	131.4570018263924851	130.6572306229407445	130.4432009817592757	129.6439932094064034	129.4737316367069866	128.7238499361959612	128.6199583948604754	127.9530367336004559	127.8860983868462995	127.2538698421847698	126.9747634592391137	126.1700795249178384	125.9721386892511674	125.2124672422200860	125.0910953049138499	124.4090439442630185	124.3322750122620874	123.7635713272310198	123.5203714882249386	122.7152650861041820	122.4889331960332015	121.7275863666120443	121.5880631263917167	120.9036343923817469	120.8163436290636668	120.2442760279609786	120.0796783003792427	119.2775864417336749	119.2406332095127084	118.6333263777854086	118.4984032845323298	118.0527019759758502	118.0527019759758502	118.0527019759758502	118.0527019759758502	118.0527019759758502	118.0527019759758502	118.0527019759758502	118.0527019759758502	118.0527019759758502	118.0527019759758502	118.0527019759758502	118.0527019759758502	118.0527019759758502	118.0527019759758502	118.0527019759758502	118.0527019759758502	118.0527019759758502	118.0527019759758502	118.0527019759758502	118.0527019759758502	118.0527019759758502	118.0527019759758502	118.0527019759758502	118.0527019759758502	118.0527019759758502	118.0527019759758502
Speedups              :	  0.0000000000000000	  0.7445201589653152	  0.4152968743052696	  0.5026823236934396	  0.3897538271745091	  0.4316776310153898	  0.4101704407030458	  0.4647712938431425	  0.4339865155164446	  0.4695328111021537	  0.4388654696847965	  0.4616707287182309	  0.4343601251584204	  0.4463168520917603	  0.4235548330907579	  0.4400478741128666	  0.4297061452624096	  0.4527096413439421	  0.4373250274459082	  0.4558882063208844	  0.4385034425606179	  0.4523944861383692	  0.4354938395966974	  0.4435931813794807	  0.4286006782268146	  0.4420918208958040	  0.4346361422893177	  0.4485035507344435	  0.4380861983694940	  0.4493681001147673	  0.4389311879296173	  0.4457078243760513	  0.4364549027295643	  0.4380703954374548	  0.4319312403828469	  0.4429083056382775	  0.4365977336771299	  0.4465310039426565	  0.4391862850173148	  0.4474719668863018	  0.4388554025231095	  0.4448756522744329	  0.4365926576298300	  0.4390198000046412	  0.4349084704039134	  0.4433810421453478	  0.4384526076589557	  0.4458106420522527	  0.4393274758314257	  0.4450979612841114	  0.4389444065862705	  0.4415140814754477	  0.4367444848352973	  0.4405591986327403	  0.4373949218684148	  0.4438929980771909	  0.4390149035782142	  0.4449269645229921	  0.4397175387576771	  0.4446175365318421	  0.4386687105999220	  0.4418706807107481	  0.4361992576539874	  0.4419702409206184	  0.4384086690496942	  0.4439594244851277	  0.4398124873368594	  0.4444403860409514	  0.4394323147952828	  0.4427292618454964	  0.4373608202013344	  0.4401054360388019	  0.4378693380791749	  0.4428941955619434	  0.4395840150228181	  0.4438518474495949	  0.4396086907371823	  0.4427572968399570	  0.4380651383163797	  0.4397187908064391	  0.4372623039089346	  0.4418035890720435	  0.4391758854256891	  0.4430574630641887	  0.4394439604112856	  0.4423261342183289	  0.4381978159520470	  0.4397365491146980	  0.4366099715972780	  0.4407165096540003	  0.4362302510158556	  0.4381102134412560	  0.4348147012652976	  0.4349317615587511	  0.4303048279251474	  0.4257753034206722	  0.4213401440100402	  0.4169964311851944	  0.4127413655608557	  0.4085722608582207	  0.4044865382496385	  0.4004817210392461	  0.3965554296565084	  0.3927053769413967	  0.3889293637015755	  0.3852252745234653	  0.3815910738204137	  0.3780248021024659	  0.3745245724533690	  0.3710885672015032	  0.3677150347723987	  0.3644022867113861	  0.3611486948657487	  0.3579526887164943	  0.3548127528505601	  0.3517274245649031	  0.3486952915945160	  0.3457149899569560	  0.3427852019064734
Memory                :	 33.5915107910290942	 42.4867039992093893	 33.7844652556266567	 42.6702120927130224	 33.9682276686530287	 47.2862912169293068	 39.5118007463901080	 49.1742284351695034	 41.4138604349635173	 51.0578100910751189	 43.1941358452193214	 51.7100950021287815	 43.3751648697509680	 51.8864070033480331	 43.5552430230374483	 48.3031989583320893	 49.2326946177420766	 50.1960626753702215	 51.1232520119563318	 52.0837167885747405	 52.4941315350057067	 52.6023096326036139	 44.2834762639380983	 52.7777634204220902	 44.4611765576428510	 58.0195386662261186	 58.9440339375407731	 59.9022955569308877	 60.8242271325638484	 61.4772518278109104	 53.4788938675945644	 61.6551033167315552	 53.6558306110393062	 61.8298779210707679	 66.7755633431541469	 67.7245492935113873	 68.6495372166979934	 60.8386268925272304	 61.7661397353947734	 62.5191312236111258	 62.5936408465947096	 62.6963274441601115	 54.9124248905288042	 62.8670644802138270	 67.8124845352047885	 68.7659980539228286	 69.6909954423735627	 70.6406031811702917	 71.3203310180662555	 71.4209974698689507	 63.8259483783919706	 71.5942572670601436	 64.1829663240908843	 76.6928702271824534	 77.6209755365311764	 78.5668712787679056	 79.4912058683573548	 71.6301533433286295	 72.5558473034743372	 72.7005277000354653	 72.8474702477109446	 73.0709563014014662	 85.5438908690747155	 86.4925134808412963	 78.7188004133979149	 79.6686634231753033	 80.6006098524467092	 81.2461727345820464	 81.3749656172112878	 81.5640379410584728	 81.7933860381102278	 94.4148502410154151	 86.7514917562616574	 87.7026597075703478	 88.6336764098923169	 89.5779598271366382	 89.7648479974898663	 89.9312218245107715	 90.1295182441686649	 90.4277453985109645	 94.7751472766595100	 95.7243006732095694	 96.6547478957044603	 97.5969467859921025	 98.0174555100716560	 98.1741700860262938	 98.3559594924243896	 98.6275913606440895	102.7888712388439245	103.7366661756989146	 99.7481928495894579	100.7498694273968454	101.7498694273968454	102.5111784670359611	102.5111784670359611	102.5111784670359611	102.5111784670359611	102.5111784670359611	102.5111784670359611	102.5111784670359611	102.5111784670359611	102.5111784670359611	102.5111784670359611	102.5111784670359611	102.5111784670359611	102.5111784670359611	102.5111784670359611	102.5111784670359611	102.5111784670359611	102.5111784670359611	102.5111784670359611	102.5111784670359611	102.5111784670359611	102.5111784670359611	102.5111784670359611	102.5111784670359611	102.5111784670359611	102.5111784670359611	102.5111784670359611
p                     :	                   6	                   8	                   6	                   8	                   6	                   9	                   7	                   9	                   7	                   9	                   7	                   9	                   7	                   9	                   7	                   8	                   8	                   8	                   8	                   8	                   8	                   8	                   6	                   8	                   6	                   9	                   9	                   9	                   9	                   9	                   7	                   9	                   7	                   9	                  10	                  10	                  10	                   8	                   8	                   8	                   8	                   8	                   6	                   8	                   9	                   9	                   9	                   9	                   9	                   9	                   7	                   9	                   7	                  10	                  10	                  10	                  10	                   8	                   8	                   8	                   8	                   8	                  11	                  11	                   9	                   9	                   9	                   9	                   9	                   9	                   9	                  12	                  10	                  10	                  10	                  10	                  10	                  10	                  10	                  10	                  11	                  11	                  11	                  11	                  11	                  11	                  11	                  11	                  12	                  12	                  10	                  10	                  10	                  10	                  10	                  10	                  10	                  10	                  10	                  10	                  10	                  10	                  10	                  10	                  10	                  10	                  10	                  10	                  10	                  10	                  10	                  10	                  10	                  10	                  10	                  10	                  10	                  10	                  10
l                     :	                  30	                  39	                  31	                  40	                  32	                  45	                  37	                  46	                  38	                  47	                  39	                  48	                  40	                  49	                  41	                  46	                  46	                  47	                  47	                  48	                  48	                  49	                  41	                  50	                  42	                  55	                  55	                  56	                  56	                  57	                  49	                  58	                  50	                  59	                  63	                  64	                  64	                  57	                  57	                  58	                  58	                  59	                  51	                  60	                  64	                  65	                  65	                  66	                  66	                  67	                  59	                  68	                  60	                  73	                  73	                  74	                  74	                  67	                  67	                  68	                  68	                  69	                  81	                  82	                  74	                  75	                  75	                  76	                  76	                  77	                  77	                  90	                  82	                  83	                  83	                  84	                  84	                  85	                  85	                  86	                  90	                  91	                  91	                  92	                  92	                  93	                  93	                  94	                  98	                  99	                  91	                  92	                  92	                  93	                  93	                  93	                  93	                  93	                  93	                  93	                  93	                  93	                  93	                  93	                  93	                  93	                  93	                  93	                  93	                  93	                  93	                  93	                  93	                  93	                  93	                  93	                  93	                  93	                  93
r                     :	  0.5000000000000000	  0.4935547941700734	  0.4834229609563518	  0.4806652869010381	  0.4668469201790236	  0.4709084725036145	  0.4565566152670743	  0.4592734278014585	  0.4420765021705919	  0.4476389880161680	  0.4275961344818491	  0.4360049547209171	  0.4131150321189082	  0.4243711241613571	  0.3986326928217182	  0.4033384443273498	  0.3968913204094831	  0.3904494952348805	  0.3840014629186215	  0.3775593318942213	  0.3711102066468144	  0.3646675792189122	  0.3175741189554835	  0.3517738359600123	  0.3009605070972319	  0.3545599393874871	  0.3487365717972233	  0.3429210486819737	  0.3370964953825686	  0.3312803402943080	  0.2826564590391498	  0.3196374791046543	  0.2681330669850560	  0.3079921009442796	  0.3194273811066290	  0.3141188679205879	  0.3087996125415959	  0.2614200792364468	  0.2549497621825405	  0.2484907962673814	  0.2420162938399720	  0.2355535760755855	  0.1506754466696154	  0.2226072680151621	  0.2438705198692837	  0.2380415201398523	  0.2321966128277513	  0.2263646219307562	  0.2205158628728036	  0.2146804286134437	  0.1367569459695645	  0.2029879317424324	  0.1220258919012216	  0.2183527365384854	  0.2130141020839393	  0.2076897428827421	  0.2023475340303695	  0.1315786706297747	  0.1250243624466422	  0.1184818393190068	  0.1119089962681210	  0.1053467351500345	  0.1965039606663724	  0.1915995680563508	  0.1266689044222512	  0.1207763518294722	  0.1148559697978556	  0.1089491968819945	  0.1030124071837788	  0.0970882230136593	  0.0911313145291452	  0.1775043426375266	  0.1166469937208094	  0.1112673188149581	  0.1058596762475338	  0.1004671199992868	  0.0950446094316099	  0.0896363105327108	  0.0841956054933870	  0.0787677098841628	  0.1077131307909549	  0.1027574084013213	  0.0977734725164350	  0.0928058468784076	  0.0878081653796422	  0.0828260008209640	  0.0778115079070001	  0.0728112541899428	  0.0996408790775200	  0.0950417669902799	  0.0174328813463168	  0.0115104600335275	  0.0053061029715240	  0.0000000000000000	  0.0000000000000000	  0.0000000000000000	  0.0000000000000000	  0.0000000000000000	  0.0000000000000000	  0.0000000000000000	  0.0000000000000000	  0.0000000000000000	  0.0000000000000000	  0.0000000000000000	  0.0000000000000000	  0.0000000000000000	  0.0000000000000000	  0.0000000000000000	  0.0000000000000000	  0.0000000000000000	  0.0000000000000000	  0.0000000000000000	  0.0000000000000000	  0.0000000000000000	  0.0000000000000000	  0.0000000000000000	  0.0000000000000000	  0.0000000000000000	  0.0000000000000000

MMT-DOOM
--------
log2 # Instances      :	                   0	                   1	                   2	                   3	                   4	                   5	                   6	                   7	                   8	                   9	                  10	                  11	                  12	                  13	                  14	                  15	                  16	                  17	                  18	                  19	                  20	                  21	                  22	                  23	                  24	                  25	                  26	                  27	                  28	                  29	                  30	                  31	                  32	                  33	                  34	                  35	                  36	                  37	                  38	                  39	                  40	                  41	                  42	                  43	                  44	                  45	                  46	                  47	                  48	                  49	                  50	                  51	                  52	                  53	                  54	                  55	                  56	                  57	                  58	                  59	                  60	                  61	                  62	                  63	                  64	                  65	                  66	                  67	                  68	                  69	                  70	                  71	                  72	                  73	                  74	                  75	                  76	                  77	                  78	                  79	                  80	                  81	                  82	                  83	                  84	                  85	                  86	                  87	                  88	                  89	                  90	                  91	                  92	                  93	                  94	                  95	                  96	                  97	                  98	                  99	                 100	                 101	                 102	                 103	                 104	                 105	                 106	                 107	                 108	                 109	                 110	                 111	                 112	                 113	                 114	                 115	                 116	                 117	                 118
log2 # syndromes used :	  0.0000000000000000	  1.0000000000000000	  2.0000000000000000	  3.0000000000000000	  3.0000000000000000	  5.0000000000000000	  6.0000000000000000	  7.0000000000000000	  7.0000000000000000	  9.0000000000000000	 10.0000000000000000	 11.0000000000000000	 12.0000000000000000	 13.0000000000000000	 14.0000000000000000	 15.0000000000000000	 16.0000000000000000	 17.0000000000000000	 18.0000000000000000	 19.0000000000000000	 19.0000000000000000	 21.0000000000000000	 22.0000000000000000	 23.0000000000000000	 24.0000000000000000	 25.0000000000000000	 26.0000000000000000	 27.0000000000000000	 28.0000000000000000	 29.0000000000000000	 30.0000000000000000	 31.0000000000000000	 32.0000000000000000	 33.0000000000000000	 34.0000000000000000	 35.0000000000000000	 36.0000000000000000	 36.0000000000000000	 38.0000000000000000	 39.0000000000000000	 40.0000000000000000	 41.0000000000000000	 42.0000000000000000	 43.0000000000000000	 44.0000000000000000	 45.0000000000000000	 46.0000000000000000	 47.0000000000000000	 47.0000000000000000	 49.0000000000000000	 49.4796011202551824	 49.4796011202551824	 49.4796011202551824	 53.0000000000000000	 54.0000000000000000	 55.0000000000000000	 55.0000000000000000	 55.0000000000000000	 58.0000000000000000	 59.0000000000000000	 59.8924416668526973	 61.0000000000000000	 62.0000000000000000	 63.0000000000000000	 63.0000000000000000	 64.9376802447926309	 64.9376802447926309	 64.9376802447926309	 64.9376802447926309	 69.0000000000000000	 70.0000000000000000	 70.6237982428962425	 70.6237982428962425	 70.6237982428962425	 70.6237982428962425	 70.6237982428962425	 75.5231879152581627	 75.5231879152581627	 75.5231879152581627	 75.5231879152581627	 80.0000000000000000	 81.0000000000000000	 81.0000000000000000	 81.0000000000000000	 81.0000000000000000	 81.0000000000000000	 85.8697858060890837	 85.8697858060890837	 88.0000000000000000	 88.0000000000000000	 88.0000000000000000	 90.6124506229309645	 90.6124506229309645	 90.6124506229309645	 90.6124506229309645	 90.6124506229309645	 90.6124506229309645	 90.6124506229309645	 90.6124506229309645	 90.6124506229309645	 90.6124506229309645	 90.6124506229309645	 90.6124506229309645	 90.6124506229309645	 90.6124506229309645	 90.6124506229309645	 90.6124506229309645	 90.6124506229309645	 90.6124506229309645	 90.6124506229309645	 90.6124506229309645	 90.6124506229309645	 90.6124506229309645	 90.6124506229309645	 90.6124506229309645	 90.6124506229309645	 90.6124506229309645	 90.6124506229309645	 90.6124506229309645
Runtime               :	151.2202490523454514	149.9370677665949643	149.7843772664105586	149.7273655202502027	149.7273655202502027	149.1683451337843849	148.4529080477141179	148.1403630657405301	148.1403630657405301	147.2428865164574745	146.9259632336462573	146.7810144441366162	146.7423380225915821	146.2635392430553907	145.4525505492827904	144.7372895721609609	144.1656072295479021	143.7336975604824829	143.5252048686062381	143.4009492661965623	143.4009492661965623	142.9671001449075050	142.1751540824946574	141.8658926176580053	141.4519339173442631	140.6502050006565412	140.1597799374999624	139.8471012558478606	139.6969039438006064	139.6172811858575642	138.8629064212198045	138.2330866627444266	137.6577571920063292	137.2036191520539887	136.7193704700480907	136.5313628723707779	136.0087222098571829	136.0087222098571829	135.3886263860187569	134.6592404556155600	134.0463378101861167	133.3896034328949440	133.0193884685371302	132.8521886595339083	132.6681493134625498	132.4496989171655343	131.5782047826542112	131.0181509100237918	131.0181509100237918	129.7221759732959470	129.1483486933624363	129.1483486933624363	129.1483486933624363	128.8327709596397881	128.3758008821824603	126.9400554863902357	126.9400554863902357	126.9400554863902357	126.6798648656663602	126.4784988178345202	124.9458958004540818	124.1465485278879441	123.6583397526941468	122.5749342819437402	122.5749342819437402	122.0697563095194482	122.0697563095194482	122.0697563095194482	122.0697563095194482	121.6755916668742259	121.3368252099917015	119.5071130403994744	119.5071130403994744	119.5071130403994744	119.5071130403994744	119.5071130403994744	118.7890630681532542	118.7890630681532542	118.7890630681532542	118.7890630681532542	118.6549137156453639	117.6604883992200996	117.6604883992200996	117.6604883992200996	117.6604883992200996	117.6604883992200996	117.0231857772347439	117.0231857772347439	116.6735612779742439	116.6735612779742439	116.6735612779742439	115.1527655979793963	115.1527655979793963	115.1527655979793963	115.1527655979793963	115.1527655979793963	115.1527655979793963	115.1527655979793963	115.1527655979793963	115.1527655979793963	115.1527655979793963	115.1527655979793963	115.1527655979793963	115.1527655979793963	115.1527655979793963	115.1527655979793963	115.1527655979793963	115.1527655979793963	115.1527655979793963	115.1527655979793963	115.1527655979793963	115.1527655979793963	115.1527655979793963	115.1527655979793963	115.1527655979793963	115.1527655979793963	115.1527655979793963	115.1527655979793963	115.1527655979793963
Speedups              :	  0.0000000000000000	  1.2831812857504872	  0.7179358929674464	  0.4976278440317496	  0.3732208830238122	  0.4103807837122133	  0.4612235007718890	  0.4399837123721316	  0.3849857483256152	  0.4419291706542197	  0.4294285818699194	  0.4035667825644396	  0.3731592524794891	  0.3812853699453893	  0.4119784645044758	  0.4321972986789661	  0.4409151139248468	  0.4403853818742923	  0.4275024546521785	  0.4115420940078363	  0.3909649893074444	  0.3930070908303784	  0.4111406804477634	  0.4067111493342368	  0.4070131306250495	  0.4228017620675564	  0.4254026582632880	  0.4212276961665775	  0.4115480395908873	  0.4001023402237203	  0.4119114210375215	  0.4189407222451944	  0.4238278706355976	  0.4247463606148928	  0.4264964288910988	  0.4196824622849907	  0.4225424122913408	  0.4111223470942775	  0.4166216491138604	  0.4246412460699972	  0.4293477810539834	  0.4348937955963538	  0.4333538234240076	  0.4271641951816638	  0.4216386304291568	  0.4171233363373315	  0.4270009623845922	  0.4298318753685459	  0.4208770446317012	  0.4387361852867246	  0.4414380071796603	  0.4327823599800591	  0.4244596222881349	  0.4224052470321824	  0.4230453364844998	  0.4414580648355494	  0.4335748851063431	  0.4259683081746529	  0.4231100721841223	  0.4193516988900158	  0.4379058875315228	  0.4438311561386477	  0.4445469241879242	  0.4546875360381224	  0.4475830432875267	  0.4484691191204001	  0.4416741324670607	  0.4350819812362090	  0.4286837168062648	  0.4281834403691482	  0.4269060548907679	  0.4466638874921969	  0.4404602223881386	  0.4344265207115887	  0.4285558920533240	  0.4228418134926130	  0.4267261313709499	  0.4211842335609376	  0.4157844356947717	  0.4105213415720531	  0.4070666917087511	  0.4143180327546340	  0.4092653738186018	  0.4043344657003055	  0.3995209601562542	  0.3948207135661806	  0.3976402706408222	  0.3930696928173645	  0.3925759974360364	  0.3881650311727102	  0.3838520863819023	  0.3963459720260006	  0.3920378636344136	  0.3878224027351189	  0.3836966324932559	  0.3796577205722743	  0.3757029526496464	  0.3718297263336707	  0.3680355454527148	  0.3643180146905662	  0.3606748345436606	  0.3571037965778817	  0.3536027789643731	  0.3501697422753986	  0.3468027255227505	  0.3434998424225338	  0.3402592778713779	  0.3370792846202435	  0.3339581801330190	  0.3308943436180372	  0.3278862132215096	  0.3249322833726672	  0.3220311022711255	  0.3191812695076642	  0.3163814338102285	  0.3136302909075309	  0.3109265815031557	  0.3082690893535560	  0.3056566394437801
Memory                :	 70.8701462293530682	 69.7745875194483745	 69.7067321642841620	 69.6166958169185648	 69.6166958169185648	 66.9905528258822045	 67.9406370417545133	 76.3962913154753380	 76.3962913154753380	 70.8455937380624761	 70.7578592380208988	 70.6889516998988796	 70.6014357443050642	 80.8010727565365698	 81.8533505003260018	 82.8779764984337675	 83.9134579382694881	 77.8996074468130359	 84.1144717546393679	 84.0784913644904321	 84.0784913644904321	 74.8747915281691832	 75.8802921078152508	 84.0131027408949080	 91.8579952646165481	 71.6985390467333019	 72.4197533875063328	 72.3855882765144543	 72.3327308006236365	 89.5353114178440563	 90.5187428101939844	 91.4071823896676534	 92.4160811180675665	 72.6213525113375482	 73.3944158161471307	 73.1539690458006930	 74.4603657860106409	 74.4603657860106409	 91.1804942922695858	 92.2007398179163715	 93.1943385275167344	 87.6052272966975778	 87.6510350943081562	 94.0264267807266805	 94.1168602188490979	 91.0931648441001585	 92.2055481474466063	 93.3190669161716926	 93.3190669161716926	101.1635818599531262	 96.0017876040137708	 96.0017876040137708	 96.0017876040137708	102.2174063043516128	107.2437438644323748	107.3825136870320875	107.3825136870320875	107.3825136870320875	118.2121885684472176	118.5872663899605470	109.3324324971363097	117.9203221585857619	117.8859167479324981	117.0872690614423846	117.0872690614423846	115.8062623872663011	115.8062623872663011	115.8062623872663011	115.8062623872663011	116.3730632463305170	115.1719399263245549	114.1170927066786476	114.1170927066786476	114.1170927066786476	114.1170927066786476	114.1170927066786476	111.5809123237314964	111.5809123237314964	111.5809123237314964	111.5809123237314964	112.1207221867247910	111.2637385481678649	111.2637385481678649	111.2637385481678649	111.2637385481678649	111.2637385481678649	108.4280197220484467	108.4280197220484467	111.2167969877596363	111.2167969877596363	111.2167969877596363	109.1939854675092931	109.1939854675092931	109.1939854675092931	109.1939854675092931	109.1939854675092931	109.1939854675092931	109.1939854675092931	109.1939854675092931	109.1939854675092931	109.1939854675092931	109.1939854675092931	109.1939854675092931	109.1939854675092931	109.1939854675092931	109.1939854675092931	109.1939854675092931	109.1939854675092931	109.1939854675092931	109.1939854675092931	109.1939854675092931	109.1939854675092931	109.1939854675092931	109.1939854675092931	109.1939854675092931	109.1939854675092931	109.1939854675092931	109.1939854675092931	109.1939854675092931
p                     :	                  16	                  16	                  16	                  16	                  16	                  15	                  15	                  17	                  17	                  15	                  15	                  15	                  15	                  18	                  18	                  18	                  18	                  16	                  18	                  18	                  18	                  15	                  15	                  17	                  19	                  13	                  13	                  13	                  13	                  18	                  18	                  18	                  18	                  12	                  12	                  12	                  12	                  12	                  17	                  17	                  17	                  15	                  15	                  17	                  17	                  16	                  16	                  16	                  16	                  18	                  16	                  16	                  16	                  18	                  19	                  19	                  19	                  19	                  23	                  24	                  19	                  22	                  22	                  22	                  22	                  22	                  22	                  22	                  22	                  25	                  25	                  23	                  23	                  23	                  23	                  23	                  26	                  26	                  26	                  26	                  29	                  29	                  29	                  29	                  29	                  29	                  30	                  30	                  32	                  32	                  32	                  32	                  32	                  32	                  32	                  32	                  32	                  32	                  32	                  32	                  32	                  32	                  32	                  32	                  32	                  32	                  32	                  32	                  32	                  32	                  32	                  32	                  32	                  32	                  32	                  32	                  32	                  32	                  32
l                     :	                  86	                  86	                  87	                  87	                  87	                  83	                  84	                  93	                  93	                  85	                  85	                  86	                  86	                  99	                 100	                 100	                 101	                  93	                 102	                 102	                 102	                  90	                  91	                 100	                 109	                  84	                  85	                  85	                  85	                 106	                 107	                 108	                 108	                  84	                  85	                  85	                  86	                  86	                 107	                 108	                 108	                 101	                 101	                 109	                 110	                 106	                 107	                 108	                 108	                 117	                 110	                 110	                 110	                 119	                 123	                 124	                 124	                 124	                 138	                 143	                 127	                 141	                 138	                 142	                 142	                 146	                 146	                 146	                 146	                 159	                 159	                 153	                 153	                 153	                 153	                 153	                 159	                 159	                 159	                 159	                 174	                 176	                 176	                 176	                 176	                 176	                 185	                 185	                 189	                 189	                 189	                 195	                 195	                 195	                 195	                 195	                 195	                 195	                 195	                 195	                 195	                 195	                 195	                 195	                 195	                 195	                 195	                 195	                 195	                 195	                 195	                 195	                 195	                 195	                 195	                 195	                 195	                 195	                 195
b                     :	                  10	                  11	                  11	                  11	                  11	                  10	                  10	                  11	                  11	                   9	                   9	                   9	                   9	                  12	                  12	                  12	                  12	                  10	                  12	                  12	                  12	                   9	                   9	                  10	                  12	                   7	                   7	                   7	                   7	                  11	                  11	                  11	                  11	                   6	                   6	                   6	                   6	                   6	                  10	                  10	                  10	                   8	                   8	                  10	                  10	                   9	                   9	                   9	                   9	                  11	                   9	                   9	                   9	                  11	                  11	                  12	                  12	                  12	                  17	                  21	                  12	                  16	                  17	                  19	                  19	                  21	                  21	                  21	                  21	                  34	                  35	                  30	                  30	                  30	                  30	                  30	                  46	                  46	                  46	                  46	                  58	                  60	                  60	                  60	                  60	                  60	                  68	                  68	                  75	                  75	                  75	                  79	                  79	                  79	                  79	                  79	                  79	                  79	                  79	                  79	                  79	                  79	                  79	                  79	                  79	                  79	                  79	                  79	                  79	                  79	                  79	                  79	                  79	                  79	                  79	                  79	                  79	                  79	                  79
p_                    :	  7.8876980288941496	  7.8276045266778294	  7.7675289345070393	  7.7074467456886557	  7.7074467456886557	  7.0939610613389696	  7.0345178580672716	  7.9596812438734146	  7.9596812438734146	  6.8561942294028588	  6.7967590333563788	  6.7373791929356814	  6.6779654948332636	  8.0855800175705443	  8.0245190020990016	  7.9634093153322674	  7.9023775107928671	  6.8674173209333178	  7.7802894309850563	  7.7192264333057601	  7.7192264333057601	  6.1440783906565821	  6.0848878489077398	  6.9914531215939428	  7.8982280687291668	  4.9471868268931267	  4.8893920375902606	  4.8315257345196159	  4.7736813293742317	  7.1097408158340158	  7.0489590642351381	  6.9882006782278809	  6.9273370799884839	  4.0123502166058831	  3.9555127714973226	  3.8985887974419708	  3.8418224161184904	  3.8418224161184904	  6.0876965812815733	  6.0277052570193916	  5.9675872647520602	  4.9638224008923544	  4.9050055944427262	  5.7875363044801897	  5.7276848747632823	  5.1976512963562902	  5.1384766146409993	  5.0793368512626582	  5.0793368512626582	  5.8973606338725411	  5.0406178624260107	  5.0406178624260107	  5.0406178624260107	  5.6561256805826243	  6.0628644363380415	  6.0021881426259878	  6.0021881426259878	  6.0021881426259878	  7.6895827372905332	  8.0964158052489843	  5.9620132322121959	  7.0350056529052551	  6.9719142084218886	  6.9106308384129722	  6.9106308384129722	  6.8797188687621240	  6.8797188687621240	  6.8797188687621240	  6.8797188687621240	  7.9324547068039566	  7.8688412707119504	  7.1849009284840459	  7.1849009284840459	  7.1849009284840459	  7.1849009284840459	  7.1849009284840459	  8.0979020530510635	  8.0979020530510635	  8.0979020530510635	  8.0979020530510635	  9.0845531859313073	  9.0200678574077635	  9.0200678574077635	  9.0200678574077635	  9.0200678574077635	  9.0200678574077635	  9.3115248680561180	  9.3115248680561180	  9.9517786151738949	  9.9517786151738949	  9.9517786151738949	  9.9165361492270740	  9.9165361492270740	  9.9165361492270740	  9.9165361492270740	  9.9165361492270740	  9.9165361492270740	  9.9165361492270740	  9.9165361492270740	  9.9165361492270740	  9.9165361492270740	  9.9165361492270740	  9.9165361492270740	  9.9165361492270740	  9.9165361492270740	  9.9165361492270740	  9.9165361492270740	  9.9165361492270740	  9.9165361492270740	  9.9165361492270740	  9.9165361492270740	  9.9165361492270740	  9.9165361492270740	  9.9165361492270740	  9.9165361492270740	  9.9165361492270740	  9.9165361492270740	  9.9165361492270740	  9.9165361492270740
r                     :	  0.5000000000000000	  0.4915402982914067	  0.4838705012214202	  0.4763527963272016	  0.4763527963272016	  0.4591134573208364	  0.4511371825120059	  0.4491999171652972	  0.4491999171652972	  0.4267936208963655	  0.4185039619073394	  0.4101188559113363	  0.4016213934173858	  0.4099935437129431	  0.4027885260708982	  0.3954951485245985	  0.3881222646054892	  0.3661501468033423	  0.3730991541789563	  0.3654414940824025	  0.3654414940824025	  0.3194185015144533	  0.3095552688519594	  0.3238739624074611	  0.3349235788547167	  0.2416088178112752	  0.2287968902197127	  0.2156828502376668	  0.2022709706566730	  0.2829231577358856	  0.2740086431959021	  0.2649580784782947	  0.2557506014579320	  0.0908637630284968	  0.0728393149571819	  0.0540707407623532	  0.0344459787445293	  0.0344459787445293	  0.1766107666657813	  0.1653710513448141	  0.1538868537534328	  0.0815453537913756	  0.0665444566454843	  0.1180296186833836	  0.1055762468324052	  0.0593370029461383	  0.0445119474184583	  0.0290804220052784	  0.0290804220052784	  0.0722573486964644	  0.0000000000000000	  0.0000000000000000	  0.0000000000000000	  0.0177207834661064	  0.0396728073473993	  0.0263055611649888	  0.0263055611649888	  0.0263055611649888	  0.1011408842262713	  0.1124607310044117	  0.0000000000000000	  0.0455007955985648	  0.0338504022520881	  0.0220663156558076	  0.0220663156558076	  0.0000000000000000	  0.0000000000000000	  0.0000000000000000	  0.0000000000000000	  0.0382811237565845	  0.0277960726218189	  0.0000000000000000	  0.0000000000000000	  0.0000000000000000	  0.0000000000000000	  0.0000000000000000	  0.0000000000000000	  0.0000000000000000	  0.0000000000000000	  0.0000000000000000	  0.0251352959326809	  0.0155977447679809	  0.0155977447679809	  0.0155977447679809	  0.0155977447679809	  0.0155977447679809	  0.0000000000000000	  0.0000000000000000	  0.0179883048460146	  0.0179883048460146	  0.0179883048460146	  0.0000000000000000	  0.0000000000000000	  0.0000000000000000	  0.0000000000000000	  0.0000000000000000	  0.0000000000000000	  0.0000000000000000	  0.0000000000000000	  0.0000000000000000	  0.0000000000000000	  0.0000000000000000	  0.0000000000000000	  0.0000000000000000	  0.0000000000000000	  0.0000000000000000	  0.0000000000000000	  0.0000000000000000	  0.0000000000000000	  0.0000000000000000	  0.0000000000000000	  0.0000000000000000	  0.0000000000000000	  0.0000000000000000	  0.0000000000000000	  0.0000000000000000	  0.0000000000000000	  0.0000000000000000	  0.0000000000000000
