DS-DOOM
-------
log2 # Instances      :	                   0	                   1	                   2	                   3	                   4	                   5	                   6	                   7	                   8	                   9	                  10	                  11	                  12	                  13	                  14	                  15	                  16	                  17	                  18	                  19	                  20	                  21	                  22	                  23	                  24	                  25	                  26	                  27	                  28	                  29	                  30	                  31	                  32	                  33	                  34	                  35	                  36	                  37	                  38	                  39	                  40	                  41	                  42	                  43	                  44	                  45	                  46	                  47	                  48	                  49	                  50	                  51	                  52	                  53	                  54	                  55	                  56	                  57	                  58	                  59	                  60	                  61	                  62	                  63	                  64	                  65	                  66	                  67	                  68	                  69	                  70	                  71	                  72	                  73	                  74	                  75	                  76	                  77	                  78	                  79	                  80	                  81	                  82	                  83	                  84	                  85	                  86	                  87	                  88	                  89	                  90	                  91	                  92	                  93	                  94	                  95	                  96	                  97	                  98	                  99	                 100	                 101	                 102	                 103	                 104	                 105	                 106	                 107	                 108	                 109	                 110	                 111	                 112	                 113	                 114	                 115	                 116	                 117	                 118	                 119	                 120	                 121	                 122	                 123	                 124	                 125	                 126	                 127	                 128	                 129	                 130	                 131	                 132	                 133	                 134	                 135	                 136	                 137	                 138	                 139	                 140	                 141	                 142	                 143	                 144	                 145	                 146	                 147	                 148	                 149	                 150	                 151	                 152	                 153	                 154	                 155	                 156	                 157	                 158	                 159	                 160	                 161	                 162	                 163	                 164	                 165	                 166	                 167	                 168	                 169	                 170	                 171	                 172	                 173	                 174	                 175	                 176	                 177	                 178	                 179	                 180	                 181	                 182	                 183	                 184	                 185	                 186	                 187	                 188	                 189	                 190	                 191	                 192	                 193	                 194	                 195	                 196	                 197	                 198	                 199	                 200	                 201	                 202	                 203	                 204	                 205	                 206
log2 # syndromes used :	  0.0000000000000000	  1.0000000000000000	  2.0000000000000000	  3.0000000000000000	  4.0000000000000000	  5.0000000000000000	  6.0000000000000000	  7.0000000000000000	  8.0000000000000000	  9.0000000000000000	 10.0000000000000000	 11.0000000000000000	 12.0000000000000000	 13.0000000000000000	 14.0000000000000000	 15.0000000000000000	 16.0000000000000000	 17.0000000000000000	 18.0000000000000000	 19.0000000000000000	 20.0000000000000000	 21.0000000000000000	 22.0000000000000000	 23.0000000000000000	 24.0000000000000000	 25.0000000000000000	 26.0000000000000000	 27.0000000000000000	 28.0000000000000000	 29.0000000000000000	 30.0000000000000000	 31.0000000000000000	 32.0000000000000000	 33.0000000000000000	 34.0000000000000000	 35.0000000000000000	 36.0000000000000000	 37.0000000000000000	 38.0000000000000000	 39.0000000000000000	 40.0000000000000000	 41.0000000000000000	 42.0000000000000000	 43.0000000000000000	 44.0000000000000000	 45.0000000000000000	 46.0000000000000000	 47.0000000000000000	 48.0000000000000000	 49.0000000000000000	 50.0000000000000000	 51.0000000000000000	 52.0000000000000000	 53.0000000000000000	 54.0000000000000000	 55.0000000000000000	 56.0000000000000000	 57.0000000000000000	 58.0000000000000000	 59.0000000000000000	 60.0000000000000000	 61.0000000000000000	 62.0000000000000000	 63.0000000000000000	 64.0000000000000000	 65.0000000000000000	 66.0000000000000000	 67.0000000000000000	 68.0000000000000000	 69.0000000000000000	 70.0000000000000000	 71.0000000000000000	 72.0000000000000000	 73.0000000000000000	 74.0000000000000000	 75.0000000000000000	 76.0000000000000000	 77.0000000000000000	 78.0000000000000000	 79.0000000000000000	 80.0000000000000000	 81.0000000000000000	 82.0000000000000000	 83.0000000000000000	 84.0000000000000000	 85.0000000000000000	 86.0000000000000000	 87.0000000000000000	 88.0000000000000000	 89.0000000000000000	 90.0000000000000000	 91.0000000000000000	 92.0000000000000000	 93.0000000000000000	 94.0000000000000000	 95.0000000000000000	 96.0000000000000000	 97.0000000000000000	 98.0000000000000000	 99.0000000000000000	100.0000000000000000	101.0000000000000000	102.0000000000000000	103.0000000000000000	104.0000000000000000	105.0000000000000000	106.0000000000000000	107.0000000000000000	108.0000000000000000	109.0000000000000000	110.0000000000000000	111.0000000000000000	112.0000000000000000	113.0000000000000000	114.0000000000000000	115.0000000000000000	116.0000000000000000	117.0000000000000000	118.0000000000000000	119.0000000000000000	120.0000000000000000	121.0000000000000000	122.0000000000000000	123.0000000000000000	124.0000000000000000	125.0000000000000000	126.0000000000000000	127.0000000000000000	128.0000000000000000	129.0000000000000000	130.0000000000000000	131.0000000000000000	132.0000000000000000	133.0000000000000000	134.0000000000000000	135.0000000000000000	136.0000000000000000	137.0000000000000000	138.0000000000000000	139.0000000000000000	140.0000000000000000	141.0000000000000000	142.0000000000000000	143.0000000000000000	144.0000000000000000	145.0000000000000000	146.0000000000000000	147.0000000000000000	148.0000000000000000	149.0000000000000000	150.0000000000000000	151.0000000000000000	152.0000000000000000	153.0000000000000000	154.0000000000000000	155.0000000000000000	156.0000000000000000	157.0000000000000000	158.0000000000000000	159.0000000000000000	160.0000000000000000	161.0000000000000000	162.0000000000000000	163.0000000000000000	164.0000000000000000	165.0000000000000000	166.0000000000000000	167.0000000000000000	168.0000000000000000	169.0000000000000000	170.0000000000000000	170.0000000000000000	172.0000000000000000	173.0000000000000000	174.0000000000000000	174.0000000000000000	174.0000000000000000	174.0000000000000000	174.0000000000000000	174.0000000000000000	174.0000000000000000	174.0000000000000000	174.0000000000000000	174.0000000000000000	174.0000000000000000	174.0000000000000000	174.0000000000000000	174.0000000000000000	174.0000000000000000	174.0000000000000000	174.0000000000000000	174.0000000000000000	174.0000000000000000	174.0000000000000000	174.0000000000000000	174.0000000000000000	174.0000000000000000	174.0000000000000000	174.0000000000000000	174.0000000000000000	174.0000000000000000	174.0000000000000000	174.0000000000000000	174.0000000000000000	174.0000000000000000	174.0000000000000000	174.0000000000000000
Runtime               :	275.7212172179631580	275.1256432360828512	274.8919585297292087	274.3459999295378111	274.1946081988311903	273.6915513523031223	273.1066486989457189	272.6417393326117917	272.0471967137258957	271.6592387030133295	271.1180017074069042	270.7816950556610891	270.3192915630659741	270.0134747796018360	269.6594800511396670	269.2125165875380617	268.7324846121180144	268.1011265355504634	267.7046801306700559	267.1133906756236911	266.8110190355414488	266.2419017629268865	266.0539834633134433	265.4923440512035313	265.2686223381414266	264.7896115648553064	264.1142597189772232	263.7094077183766103	263.1004918608898606	262.7471123224734697	262.2257141332668198	261.8986388160888623	261.4922907395962284	261.1712639062029666	260.8374774267598468	260.2963608605589343	259.7295956046380070	259.1908839512664144	258.7632967831544875	258.2145638901847633	257.9384546547519790	257.3639396019974583	257.2608779744302865	256.6440075345880132	256.2420979654511939	255.8404888530139942	255.1359256052738829	254.7796341468888954	254.1758259142281418	253.8428763063861879	253.3614154230620557	253.0270015232427738	252.6974290737360036	252.3416545646313693	251.7992706668263736	251.3722528581579638	250.7543231223534406	250.2777720388898501	249.8563652801007322	249.3180556503403409	249.1071997687396617	248.4904035850395871	248.4244035377335820	247.8009154854887583	247.2281988937271535	246.8895737487316069	246.1766638989671776	245.8545797826707826	245.2762072513942826	244.9468285047012159	244.5271993500842029	244.1667898534850849	243.8904198742617950	243.5231286479571509	242.7869287001373948	242.4351518144623583	241.8111062894460872	241.3617732636041922	240.9868820607218254	240.4225383546773571	240.2127806440698805	239.6201662842730684	239.3702680565518790	238.9609221729721753	238.2310254268633400	237.9361055077942808	237.2397363934242946	236.9326164484121193	236.4036973988725379	236.0586663013298505	235.7237704015066413	235.3156634910462799	234.8601044155691966	234.5391843932798110	233.8045269567916762	233.4805731476990047	232.9036693473400987	232.4377562491329172	232.1585313977123803	231.5254594965361150	231.3118499576942781	230.7508056177698847	230.3319920729879584	230.0542526328804627	229.2513674125601995	228.9790460202517863	228.3265102986177908	228.0131704207232701	227.5586903907638430	227.1767494843533370	226.9072089644506320	226.4731086249495604	225.8331155765202709	225.5410418712734497	224.7312827274749338	224.5056208114526726	223.7702420895484181	223.5002214146151402	222.9673890934321605	222.6298883946118110	222.3233276333014317	221.8958782831597034	221.2988447811182482	221.0519839115325453	220.2908864742253456	220.0103978516511347	219.4379046697180229	219.0976708720002080	218.7404859298027304	218.3110294834355045	217.8828508499283316	217.6095581958582272	216.7822724733257189	216.5384777846706470	215.7437736403522877	215.5936311040101998	214.8601702553071959	214.7685339052539746	214.1308633628689790	214.0693004428624420	213.3428011734264373	213.0793997923975098	212.2724691754274033	212.1088671844119062	211.3545674980948945	211.2552859071107321	210.5858796138853108	210.5210585131469259	209.9120530921790646	209.6294562333480940	208.8155542996355507	208.6382012260052932	207.8704309761695015	207.7628328474212367	207.0728683754665838	207.0042470478568646	206.4257498941165636	206.1885242449206146	205.3701096485708320	205.1786755072337201	204.4031050741295701	204.2868256836758860	203.5846691732529905	203.5108609453711779	202.9174331169404866	202.7540957931124410	201.9336032866231960	201.7291135632577266	200.9497505186387230	200.8244871934097091	200.1170275526162357	200.1170275526162357	199.6975090329842999	199.3398219473201038	199.2437787326470300	199.2437787326470300	199.2437787326470300	199.2437787326470300	199.2437787326470300	199.2437787326470300	199.2437787326470300	199.2437787326470300	199.2437787326470300	199.2437787326470300	199.2437787326470300	199.2437787326470300	199.2437787326470300	199.2437787326470300	199.2437787326470300	199.2437787326470300	199.2437787326470300	199.2437787326470300	199.2437787326470300	199.2437787326470300	199.2437787326470300	199.2437787326470300	199.2437787326470300	199.2437787326470300	199.2437787326470300	199.2437787326470300	199.2437787326470300	199.2437787326470300	199.2437787326470300	199.2437787326470300	199.2437787326470300	199.2437787326470300	199.2437787326470300
Speedups              :	  0.0000000000000000	  0.5955739818803067	  0.4146293441169746	  0.4584057628084490	  0.3816522547829919	  0.4059331731320072	  0.4357614198362398	  0.4399254121930523	  0.4592525630296578	  0.4513309461055365	  0.4603215510556254	  0.4490474693001881	  0.4501604712414320	  0.4390571106431786	  0.4329812262016779	  0.4339133753616731	  0.4367957878653215	  0.4482406283772173	  0.4453631715162835	  0.4530435022283930	  0.4455099091210855	  0.4513959740493463	  0.4394197161204416	  0.4447336159460707	  0.4355247866592388	  0.4372642261243140	  0.4464214422686898	  0.4448818333180203	  0.4507401913240464	  0.4473829274306789	  0.4498501028232113	  0.4458896258669128	  0.4446539524489665	  0.4409076761139452	  0.4377570526824504	  0.4407101816401207	  0.4442117114812542	  0.4467657639647769	  0.4462610640739124	  0.4488885468661127	  0.4445690640802795	  0.4477384784381878	  0.4395318867507826	  0.4436560391482592	  0.4427072557389083	  0.4417939636655370	  0.4475063394062886	  0.4455655972568992	  0.4488623188278129	  0.4464967532974892	  0.4471960358980220	  0.4449846214651056	  0.4427651566197530	  0.4411238236477696	  0.4429990102062367	  0.4427084429055490	  0.4458373945644593	  0.4463762312118124	  0.4459457230665935	  0.4475112130105562	  0.4435669574870583	  0.4464067808675995	  0.4402711883907996	  0.4431793925789587	  0.4452034113161876	  0.4435637456804854	  0.4476447472575149	  0.4457707079894385	  0.4477207348024835	  0.4460056335255354	  0.4456288266839851	  0.4444285544292687	  0.4420944075514078	  0.4410697064384385	  0.4450579529435914	  0.4438142053800107	  0.4461856701120667	  0.4462265448618047	  0.4453119891954017	  0.4468187197884279	  0.4438554571736660	  0.4456919868356801	  0.4433042580659912	  0.4428951210239878	  0.4463118070369026	  0.4445307260019868	  0.4474590793551030	  0.4458459858569085	  0.4467899979442116	  0.4456466395127338	  0.4444160757384057	  0.4440170739221635	  0.4441425304608039	  0.4428175572546597	  0.4459222368209732	  0.4446383586343595	  0.4460161236523235	  0.4462212471013427	  0.4445172022474569	  0.4464217951659297	  0.4440936726026888	  0.4452516000019136	  0.4449924033821098	  0.4433685882046864	  0.4468254788981054	  0.4451635352162988	  0.4471198765975978	  0.4458695962358868	  0.4459493224740677	  0.4453620892991726	  0.4437637113955684	  0.4436766539911135	  0.4454294789414543	  0.4440723482007939	  0.4472801271095458	  0.4453530122305260	  0.4478532338656443	  0.4463332974645129	  0.4470663400383983	  0.4461456203642971	  0.4449824132055144	  0.4448375118578798	  0.4460850199741386	  0.4444653114343952	  0.4470187963204662	  0.4456865549304962	  0.4466929567321042	  0.4458546956375035	  0.4451619631887533	  0.4450402149963384	  0.4449105105233448	  0.4436004505504193	  0.4465071571563443	  0.4449830032578384	  0.4475928625194841	  0.4453895267700219	  0.4475076982548232	  0.4449100971730597	  0.4463069119934361	  0.4435389696050411	  0.4455601146038337	  0.4442682086919549	  0.4468221693136321	  0.4448416086262325	  0.4469906230546407	  0.4445926297300167	  0.4461324493429989	  0.4435384945905866	  0.4446565143634060	  0.4435688656685575	  0.4460377527888507	  0.4442583840527011	  0.4463867515907478	  0.4441724468662870	  0.4457684989772505	  0.4433352914200406	  0.4442017136144013	  0.4428833947327551	  0.4452601744898249	  0.4436637843442103	  0.4457382008989599	  0.4436918728837719	  0.4452873336093220	  0.4430083206907484	  0.4439255128111139	  0.4422249783324286	  0.4445036983815661	  0.4430664889503319	  0.4450682541626454	  0.4431759173050500	  0.4447305274432172	  0.4421297641248358	  0.4419983034010398	  0.4415109553216361	  0.4395255085362996	  0.4370139342018065	  0.4345309004847507	  0.4320759236458538	  0.4296485308163828	  0.4272482596945035	  0.4248746582517562	  0.4225272844492604	  0.4202057059632754	  0.4179094999197603	  0.4156382526375876	  0.4133915593800872	  0.4111690241146028	  0.4089702592797654	  0.4067948855601922	  0.4046425316683393	  0.4025128341332428	  0.4004054370958959	  0.3983199921110215	  0.3962561579550058	  0.3942136004397739	  0.3921919922323904	  0.3901910126801843	  0.3882103476411986	  0.3862496893197784	  0.3843087361071162	  0.3823871924265806	  0.3804847685836623	  0.3786011806203769	  0.3767361501739711	  0.3748894043397850	  0.3730606755381274	  0.3712497013850298
Memory                :	 89.7867850459855674	 73.0667541220487635	 89.9555233855213174	 73.2362584377319195	 90.1272848081694917	 73.3994787793949826	 87.1922125737417275	 79.6550992841641090	 89.0627094814940818	 81.5271393064268750	 90.5794383784510302	 82.3395514808219104	 90.7487066632143495	 82.5086654952748688	 90.9160119214644027	 78.6450246038591132	 96.6568094756192409	 80.5254741496582085	 98.5267766687678659	 82.3994912105911652	 99.5639556616281283	 83.1636245963169927	 99.7299472991148548	 83.3262875329510280	 95.8614642059206119	 88.1982328412469059	 97.7321217826403483	 90.0706961802388690	 99.6052819612703502	 91.9447450940657660	100.4234735779807437	 92.3434141374691535	100.5902131956284080	 92.5058191634382752	105.3879949575019737	 88.9934609858268715	107.2532628084082660	 90.8685818919157242	109.1212401341541209	 92.7446192503832236	109.3364948424339218	 93.2479790830101507	109.5002149678020658	 93.4122246419780851	106.4006329054021052	 98.6106309350817867	108.2697540907125102	100.4858256737695541	110.1016823188356710	102.1749799240332379	110.2678596642511337	102.3411762395505207	110.4324570401248877	102.5015090807171134	115.9814954148112491	 99.3454812548094282	117.8451141768237989	101.2198591540492743	118.9379540854277053	103.0905737812068708	119.1062057197600978	103.3303871396553433	103.4044917158043120	103.4927171651671358	116.9406829853812440	109.0301883481304372	118.8084180589220722	110.9002019304825097	119.9405212900085900	112.1705955437994646	120.1094930987488993	112.3348774113744213	104.4510003296719134	112.4976149500114104	126.5776641928349449	118.7241334794493213	128.4395713827242105	111.5866530929083353	128.7129851844073585	113.2505327494189942	105.1419833462475992	113.4127314348646394	105.5735808016046064	113.5734253311027970	127.4875869047525896	119.4749134924026777	129.3538184631923400	121.3442803331490438	129.7823684980905057	122.1675336772004954	129.9496261314563981	122.3343136807941107	135.3227109052514550	127.3617753234266701	137.1865227006355212	129.2318213938323481	138.3161466455679545	122.0082475847795109	138.4822444130619772	123.3358627177586300	115.5859307820015829	123.5006722394082459	136.1980981967469972	137.1256598881818149	138.0628768417018932	129.9675405752046800	139.4659138504060820	131.8361728466648515	139.6281660359921375	132.1713564757249060	124.7485066169553676	132.3372768508137369	145.9572868822624514	137.9308609342260468	138.8700589872937883	130.7428620264596191	140.6716928212164248	132.6220804259113493	140.8343174364229071	133.5430461813390650	141.0007380394420693	133.9441376033454674	146.8272997179641379	138.7749157188756044	148.6911891552241514	140.6555027723454998	149.3133457687070518	142.0956513831941379	149.4794559027741343	142.4269125509039782	154.7834757364397831	146.8033996040512363	147.7509947848068066	148.6859532848139338	149.6275623824340926	150.5560569387573082	150.7016783697883398	150.8560680614989735	151.0816446334826821	151.3864324075928778	155.7737831232851136	156.7101876034674603	157.6528729753513289	158.5831121571775384	159.0851927456678823	159.2216105040517959	159.4217018640987646	159.6812344967513582	163.7945681698647036	164.7327239136320429	165.6724529668418313	166.6045821846137756	167.4004696171464275	167.5246312020453558	167.7048487117022546	167.9327801613932536	168.2724258565333457	172.7455167700760228	173.6865278838535005	174.6207066758430528	175.5549485213618937	175.7609875685510588	175.9275704881071647	176.1379058666439335	176.4428538440168381	180.7573379180506663	181.7000332526541797	182.6266501683447530	183.5625107577177744	183.9322446083290004	184.0893503300324596	184.0893503300324596	182.8454900509443917	183.8454900509443917	184.8462739113499254	184.8462739113499254	184.8462739113499254	184.8462739113499254	184.8462739113499254	184.8462739113499254	184.8462739113499254	184.8462739113499254	184.8462739113499254	184.8462739113499254	184.8462739113499254	184.8462739113499254	184.8462739113499254	184.8462739113499254	184.8462739113499254	184.8462739113499254	184.8462739113499254	184.8462739113499254	184.8462739113499254	184.8462739113499254	184.8462739113499254	184.8462739113499254	184.8462739113499254	184.8462739113499254	184.8462739113499254	184.8462739113499254	184.8462739113499254	184.8462739113499254	184.8462739113499254	184.8462739113499254	184.8462739113499254	184.8462739113499254	184.8462739113499254
p                     :	                  18	                  14	                  18	                  14	                  18	                  14	                  17	                  15	                  17	                  15	                  17	                  15	                  17	                  15	                  17	                  14	                  18	                  14	                  18	                  14	                  18	                  14	                  18	                  14	                  17	                  15	                  17	                  15	                  17	                  15	                  17	                  15	                  17	                  15	                  18	                  14	                  18	                  14	                  18	                  14	                  18	                  14	                  18	                  14	                  17	                  15	                  17	                  15	                  17	                  15	                  17	                  15	                  17	                  15	                  18	                  14	                  18	                  14	                  18	                  14	                  18	                  14	                  14	                  14	                  17	                  15	                  17	                  15	                  17	                  15	                  17	                  15	                  13	                  15	                  18	                  16	                  18	                  14	                  18	                  14	                  12	                  14	                  12	                  14	                  17	                  15	                  17	                  15	                  17	                  15	                  17	                  15	                  18	                  16	                  18	                  16	                  18	                  14	                  18	                  14	                  12	                  14	                  17	                  17	                  17	                  15	                  17	                  15	                  17	                  15	                  13	                  15	                  18	                  16	                  16	                  14	                  16	                  14	                  16	                  14	                  16	                  14	                  17	                  15	                  17	                  15	                  17	                  15	                  17	                  15	                  18	                  16	                  16	                  16	                  16	                  16	                  16	                  16	                  16	                  16	                  17	                  17	                  17	                  17	                  17	                  17	                  17	                  17	                  18	                  18	                  18	                  18	                  18	                  18	                  18	                  18	                  18	                  19	                  19	                  19	                  19	                  19	                  19	                  19	                  19	                  20	                  20	                  20	                  20	                  20	                  20	                  20	                  19	                  19	                  19	                  19	                  19	                  19	                  19	                  19	                  19	                  19	                  19	                  19	                  19	                  19	                  19	                  19	                  19	                  19	                  19	                  19	                  19	                  19	                  19	                  19	                  19	                  19	                  19	                  19	                  19	                  19	                  19	                  19	                  19	                  19	                  19
l                     :	                  85	                  69	                  86	                  70	                  87	                  71	                  84	                  76	                  85	                  77	                  86	                  78	                  87	                  79	                  88	                  76	                  93	                  77	                  94	                  78	                  95	                  79	                  96	                  80	                  93	                  85	                  94	                  86	                  95	                  87	                  96	                  88	                  97	                  89	                 102	                  86	                 103	                  87	                 104	                  88	                 105	                  89	                 106	                  90	                 103	                  95	                 104	                  96	                 105	                  97	                 106	                  98	                 107	                  99	                 112	                  96	                 113	                  97	                 114	                  98	                 115	                  99	                  99	                 100	                 113	                 105	                 114	                 106	                 115	                 107	                 116	                 108	                 100	                 109	                 122	                 114	                 123	                 107	                 124	                 108	                 100	                 109	                 101	                 110	                 123	                 115	                 124	                 116	                 125	                 117	                 126	                 118	                 131	                 123	                 132	                 124	                 133	                 117	                 134	                 118	                 110	                 119	                 132	                 132	                 133	                 125	                 134	                 126	                 135	                 127	                 119	                 128	                 141	                 133	                 134	                 126	                 135	                 127	                 136	                 128	                 137	                 129	                 142	                 134	                 143	                 135	                 144	                 136	                 145	                 137	                 150	                 142	                 143	                 143	                 144	                 144	                 145	                 145	                 146	                 146	                 151	                 151	                 152	                 152	                 153	                 153	                 154	                 154	                 159	                 159	                 160	                 160	                 161	                 161	                 162	                 162	                 163	                 167	                 168	                 168	                 169	                 169	                 170	                 170	                 171	                 175	                 176	                 176	                 177	                 177	                 178	                 178	                 175	                 175	                 176	                 176	                 176	                 176	                 176	                 176	                 176	                 176	                 176	                 176	                 176	                 176	                 176	                 176	                 176	                 176	                 176	                 176	                 176	                 176	                 176	                 176	                 176	                 176	                 176	                 176	                 176	                 176	                 176	                 176	                 176	                 176	                 176
r                     :	  0.5000000000000000	  0.4963729944669181	  0.4941584295316903	  0.4891192820288890	  0.4883171938291820	  0.4818659428546642	  0.4815943521939307	  0.4760820259340646	  0.4754597884510019	  0.4692490706590735	  0.4693255247232321	  0.4624164055386322	  0.4631915452254258	  0.4555840063137509	  0.4570578340420854	  0.4456037892312955	  0.4532760867032818	  0.4383520515615999	  0.4474368312679362	  0.4311004711038888	  0.4415978056891957	  0.4238490150686590	  0.4357589962516606	  0.4165976499278353	  0.4263927329881042	  0.4145937941207943	  0.4202602864404402	  0.4077625463122651	  0.4141279906235802	  0.4009313553644984	  0.4079958274640920	  0.3941001923060762	  0.4018637784604189	  0.3872690272809184	  0.4007298808917031	  0.3730893717131783	  0.3948921795307049	  0.3658376202142225	  0.3890545748107622	  0.3585856518534349	  0.3832170501327605	  0.3513334212594884	  0.3773795884170356	  0.3440808809896880	  0.3650727807760384	  0.3462801892416862	  0.3589409675573983	  0.3394480801817695	  0.3528090995597187	  0.3326156864543667	  0.3466771522276716	  0.3257829653520775	  0.3405451000209931	  0.3189498720009982	  0.3423551127355847	  0.3005561627660429	  0.3365175641170784	  0.2932999041764759	  0.3306799191519230	  0.2860428525379726	  0.3248421542794249	  0.2787849295810822	  0.2751523902873726	  0.2715260516154803	  0.3037490079956626	  0.2779406531177008	  0.2976154048135680	  0.2711034672506268	  0.2914814455610995	  0.2642654427183699	  0.2853470911612510	  0.2574265028333068	  0.2214636135401835	  0.2505865653269020	  0.2839722246206547	  0.2576561353173547	  0.2781325091983752	  0.2206786825738876	  0.2722924037672596	  0.2134082624144263	  0.1679911178130578	  0.2061357589167793	  0.1596466493171747	  0.1988609827229814	  0.2423917406404920	  0.2095205059714746	  0.2362525026894400	  0.2026706594729856	  0.2301123880892053	  0.1958188607639213	  0.2239713230291333	  0.1889649357636913	  0.2313971791382947	  0.1994065897008094	  0.2255523384589399	  0.1929275109456644	  0.2197066557093914	  0.1478529969023966	  0.2138600614285709	  0.1405500672582035	  0.0841484997300637	  0.1332417596028818	  0.1871000298136988	  0.1840204303051185	  0.1809496705869708	  0.1409087169530916	  0.1747974968015865	  0.1340286308902310	  0.1686433498897725	  0.1271435734585431	  0.0732398302500513	  0.1202529715364574	  0.1729012367021162	  0.1345094310448897	  0.1312616681769720	  0.0818632018753382	  0.1247521119970160	  0.0744760511770979	  0.1182376690401572	  0.0670704602823073	  0.1117177701545733	  0.0596425728437212	  0.1254915112310294	  0.0787455156816139	  0.1193132001621924	  0.0717882220136407	  0.1131303033920854	  0.0648141906349302	  0.1069422912420227	  0.0578199982092065	  0.1201025159002900	  0.0757177070965454	  0.0724363314268359	  0.0691388242531660	  0.0658502073390241	  0.0625445637982959	  0.0592472682798272	  0.0559318347187730	  0.0526239634793987	  0.0492965256728787	  0.0696627484769871	  0.0665331893000763	  0.0634129586644998	  0.0602758429303792	  0.0571475683147760	  0.0540013810878291	  0.0508633282250898	  0.0477060489954200	  0.0669537934734410	  0.0639743218167240	  0.0610045610128385	  0.0580180017384248	  0.0550407076403537	  0.0520456534280751	  0.0490592174704367	  0.0460537964234651	  0.0430560461057008	  0.0614636713022340	  0.0586292178054049	  0.0557780088703316	  0.0529364333249912	  0.0500771923580842	  0.0472269828925924	  0.0443579515411012	  0.0414970699625972	  0.0590016426101502	  0.0562895441477905	  0.0535606979242626	  0.0508418071548234	  0.0481052987886075	  0.0453781772173235	  0.0453781772173235	  0.0182199113044362	  0.0152283052249689	  0.0122193321316477	  0.0122193321316477	  0.0122193321316477	  0.0122193321316477	  0.0122193321316477	  0.0122193321316477	  0.0122193321316477	  0.0122193321316477	  0.0122193321316477	  0.0122193321316477	  0.0122193321316477	  0.0122193321316477	  0.0122193321316477	  0.0122193321316477	  0.0122193321316477	  0.0122193321316477	  0.0122193321316477	  0.0122193321316477	  0.0122193321316477	  0.0122193321316477	  0.0122193321316477	  0.0122193321316477	  0.0122193321316477	  0.0122193321316477	  0.0122193321316477	  0.0122193321316477	  0.0122193321316477	  0.0122193321316477	  0.0122193321316477	  0.0122193321316477	  0.0122193321316477	  0.0122193321316477	  0.0122193321316477

MMT-DOOM
--------
log2 # Instances      :	                   0	                   1	                   2	                   3	                   4	                   5	                   6	                   7	                   8	                   9	                  10	                  11	                  12	                  13	                  14	                  15	                  16	                  17	                  18	                  19	                  20	                  21	                  22	                  23	                  24	                  25	                  26	                  27	                  28	                  29	                  30	                  31	                  32	                  33	                  34	                  35	                  36	                  37	                  38	                  39	                  40	                  41	                  42	                  43	                  44	                  45	                  46	                  47	                  48	                  49	                  50	                  51	                  52	                  53	                  54	                  55	                  56	                  57	                  58	                  59	                  60	                  61	                  62	                  63	                  64	                  65	                  66	                  67	                  68	                  69	                  70	                  71	                  72	                  73	                  74	                  75	                  76	                  77	                  78	                  79	                  80	                  81	                  82	                  83	                  84	                  85	                  86	                  87	                  88	                  89	                  90	                  91	                  92	                  93	                  94	                  95	                  96	                  97	                  98	                  99	                 100	                 101	                 102	                 103	                 104	                 105	                 106	                 107	                 108	                 109	                 110	                 111	                 112	                 113	                 114	                 115	                 116	                 117	                 118	                 119	                 120	                 121	                 122	                 123	                 124	                 125	                 126	                 127	                 128	                 129	                 130	                 131	                 132	                 133	                 134	                 135	                 136	                 137	                 138	                 139	                 140	                 141	                 142	                 143	                 144	                 145	                 146	                 147	                 148	                 149	                 150	                 151	                 152	                 153	                 154	                 155	                 156	                 157	                 158	                 159	                 160	                 161	                 162	                 163	                 164	                 165	                 166	                 167	                 168	                 169	                 170	                 171	                 172	                 173	                 174	                 175	                 176	                 177	                 178	                 179	                 180	                 181	                 182	                 183	                 184	                 185	                 186	                 187	                 188	                 189	                 190	                 191	                 192	                 193	                 194	                 195	                 196	                 197	                 198	                 199	                 200	                 201	                 202	                 203	                 204	                 205	                 206
log2 # syndromes used :	  0.0000000000000000	  1.0000000000000000	  2.0000000000000000	  3.0000000000000000	  3.0000000000000000	  5.0000000000000000	  6.0000000000000000	  7.0000000000000000	  8.0000000000000000	  9.0000000000000000	 10.0000000000000000	 11.0000000000000000	 12.0000000000000000	 13.0000000000000000	 14.0000000000000000	 15.0000000000000000	 16.0000000000000000	 17.0000000000000000	 18.0000000000000000	 19.0000000000000000	 20.0000000000000000	 21.0000000000000000	 22.0000000000000000	 23.0000000000000000	 24.0000000000000000	 25.0000000000000000	 26.0000000000000000	 27.0000000000000000	 28.0000000000000000	 29.0000000000000000	 30.0000000000000000	 31.0000000000000000	 32.0000000000000000	 33.0000000000000000	 34.0000000000000000	 35.0000000000000000	 36.0000000000000000	 37.0000000000000000	 38.0000000000000000	 39.0000000000000000	 40.0000000000000000	 41.0000000000000000	 42.0000000000000000	 43.0000000000000000	 44.0000000000000000	 45.0000000000000000	 46.0000000000000000	 47.0000000000000000	 48.0000000000000000	 49.0000000000000000	 50.0000000000000000	 51.0000000000000000	 52.0000000000000000	 53.0000000000000000	 54.0000000000000000	 55.0000000000000000	 56.0000000000000000	 57.0000000000000000	 58.0000000000000000	 59.0000000000000000	 60.0000000000000000	 61.0000000000000000	 62.0000000000000000	 63.0000000000000000	 64.0000000000000000	 65.0000000000000000	 66.0000000000000000	 67.0000000000000000	 68.0000000000000000	 69.0000000000000000	 69.0000000000000000	 71.0000000000000000	 71.2164308642225592	 73.0000000000000000	 74.0000000000000000	 75.0000000000000000	 76.0000000000000000	 77.0000000000000000	 77.4767740332017354	 77.4767740332017354	 77.4767740332017354	 81.0000000000000000	 82.0000000000000000	 83.0000000000000000	 84.0000000000000000	 85.0000000000000000	 86.0000000000000000	 87.0000000000000000	 87.0000000000000000	 88.9871329205834343	 88.9871329205834343	 91.0000000000000000	 92.0000000000000000	 93.0000000000000000	 93.0000000000000000	 93.0000000000000000	 96.0000000000000000	 97.0000000000000000	 98.0000000000000000	 99.0000000000000000	 99.6498290837096619	 99.6498290837096619	 99.6498290837096619	 99.6498290837096619	104.0000000000000000	105.0000000000000000	105.0000000000000000	107.0000000000000000	108.0000000000000000	109.0000000000000000	109.9763457037180103	110.7357722741728594	112.0000000000000000	113.0000000000000000	114.0000000000000000	115.0000000000000000	115.8793289869007879	115.8793289869007879	115.8793289869007879	119.0000000000000000	120.0000000000000000	120.9409419245249069	120.9409419245249069	120.9409419245249069	120.9409419245249069	120.9409419245249069	120.9409419245249069	126.7052839585295345	126.7052839585295345	126.7052839585295345	126.7052839585295345	131.0000000000000000	131.7233498444371094	131.7233498444371094	131.7233498444371094	131.7233498444371094	131.7233498444371094	136.6498528818852094	136.6498528818852094	139.0000000000000000	139.0000000000000000	139.0000000000000000	141.5365465793776707	141.5365465793776707	141.5365465793776707	141.5365465793776707	146.0000000000000000	146.0000000000000000	146.0000000000000000	149.0000000000000000	149.0000000000000000	151.0000000000000000	151.9914053090161872	152.0477684652659320	152.0477684652659320	152.0477684652659320	152.0477684652659320	156.8276724747700257	156.8276724747700257	156.8276724747700257	156.8276724747700257	156.8276724747700257	161.5701037973364009	161.5701037973364009	161.5701037973364009	161.5701037973364009	161.5701037973364009	161.5701037973364009	167.0977568702381006	167.0977568702381006	167.0977568702381006	167.0977568702381006	171.7988986246848810	171.7988986246848810	171.7988986246848810	171.7988986246848810	171.7988986246848810	171.7988986246848810	171.7988986246848810	171.7988986246848810	171.7988986246848810	171.7988986246848810	171.7988986246848810	171.7988986246848810	171.7988986246848810	171.7988986246848810	171.7988986246848810	171.7988986246848810	171.7988986246848810	171.7988986246848810	171.7988986246848810	171.7988986246848810	171.7988986246848810	171.7988986246848810	171.7988986246848810	171.7988986246848810	171.7988986246848810	171.7988986246848810	171.7988986246848810	171.7988986246848810	171.7988986246848810	171.7988986246848810	171.7988986246848810	171.7988986246848810	171.7988986246848810	171.7988986246848810	171.7988986246848810
Runtime               :	264.3298406600773660	263.0411038741923448	262.8893139483857908	262.8299710586711058	262.8299710586711058	262.1663514542180451	261.5407435237023037	261.2709960022310156	260.8193776643377078	260.2923259789132544	259.9417218831758305	259.7628621593469234	259.6933024978729350	259.5903758087578126	258.7611331033781994	257.9972101332392640	257.3581360934431927	256.8466362815889852	256.5574628049054695	256.3708005124088913	256.2785804075477358	255.9598908220227997	255.1532228359774308	254.4183605023457915	253.8043183995802963	253.3493019829938078	252.8190278512778946	252.7205383007665773	252.4829990103222883	252.3511758863475336	252.1653531337320260	251.4391539869478152	250.7621141117141974	250.0294027102150096	249.4386560324891491	249.0236461697265895	248.7705355084354153	248.6616708853393618	248.5555850765059631	247.9896215267330604	247.1300118211491679	246.5077171863348440	246.0609872662589339	245.6624296406788233	245.4324307576782473	245.3342217039523234	245.0459873527458114	244.2733154078702853	243.5713766805165221	242.8978941563233604	242.4083944331303542	242.0790643609983306	241.7792543836468155	241.5922704499017186	241.4931465096692875	241.1663095207786398	240.3252168702506140	239.5582514177813778	238.8984622491316543	238.3919683454885501	237.9965354165217093	237.7420094021945545	237.5938994933955826	237.4486269124119531	237.1312510245722081	236.4681527156699872	235.8538492401378051	235.4109577040271688	234.8858200027205214	234.3780347882343449	234.3780347882343449	233.5156682389142304	233.0582302810074680	232.6838153313614441	232.0850333161115771	231.6462184240110957	231.1300378114188732	230.6911961622143394	229.4706236196745408	229.4706236196745408	229.4706236196745408	229.0894281295235260	228.4079102061076583	227.7856850850160981	227.2541253956624416	226.9406800270282929	226.7174753392824869	226.5779511323417239	226.5779511323417239	225.2129654452713510	225.2129654452713510	223.9815370492103170	223.6324791250909811	223.5261456450998594	223.5261456450998594	223.5261456450998594	222.8848498211749529	222.2101118121909167	221.7439196587908441	221.4138206775759556	219.5161447112504334	219.5161447112504334	219.5161447112504334	219.5161447112504334	219.0930011762419554	218.5049006251020103	218.5049006251020103	218.4845032212890317	218.3887409691197945	217.7145654397652095	216.7470485629529264	216.1184306128789956	215.8519720305103817	215.4484182134497416	215.1495494244863096	214.9325613266416610	212.8112295655513435	212.8112295655513435	212.8112295655513435	212.6353804955103897	212.3497137578372929	210.5097111170997266	210.5097111170997266	210.5097111170997266	210.5097111170997266	210.5097111170997266	210.5097111170997266	209.2501961288046175	209.2501961288046175	209.2501961288046175	209.2501961288046175	209.2359419169130206	207.7529845183404120	207.7529845183404120	207.7529845183404120	207.7529845183404120	207.7529845183404120	206.8689595093602236	206.8689595093602236	206.7623148090020209	206.7623148090020209	206.7623148090020209	205.1633141870805730	205.1633141870805730	205.1633141870805730	205.1633141870805730	205.0048210899142873	205.0048210899142873	205.0048210899142873	204.7947944075709188	204.7947944075709188	204.6232386717042289	203.1236418090887241	202.5834035368661148	202.5834035368661148	202.5834035368661148	202.5834035368661148	202.0622996809331369	202.0622996809331369	202.0622996809331369	202.0622996809331369	202.0622996809331369	200.0160819443315177	200.0160819443315177	200.0160819443315177	200.0160819443315177	200.0160819443315177	200.0160819443315177	199.0927889747931090	199.0927889747931090	199.0927889747931090	199.0927889747931090	197.9495901433716938	197.9495901433716938	197.9495901433716938	197.9495901433716938	197.9495901433716938	197.9495901433716938	197.9495901433716938	197.9495901433716938	197.9495901433716938	197.9495901433716938	197.9495901433716938	197.9495901433716938	197.9495901433716938	197.9495901433716938	197.9495901433716938	197.9495901433716938	197.9495901433716938	197.9495901433716938	197.9495901433716938	197.9495901433716938	197.9495901433716938	197.9495901433716938	197.9495901433716938	197.9495901433716938	197.9495901433716938	197.9495901433716938	197.9495901433716938	197.9495901433716938	197.9495901433716938	197.9495901433716938	197.9495901433716938	197.9495901433716938	197.9495901433716938	197.9495901433716938	197.9495901433716938
Speedups              :	  0.0000000000000000	  1.2887367858850212	  0.7202633558457876	  0.4999565338020868	  0.3749674003515651	  0.4326978411718642	  0.4648495227291771	  0.4369778082637644	  0.4388078744674573	  0.4486127423515680	  0.4388118776901536	  0.4151798637027675	  0.3863781801837026	  0.3645742193322734	  0.3977648254785119	  0.4221753684558734	  0.4357315354146358	  0.4401884928522577	  0.4317987697317720	  0.4188968498772881	  0.4025630126264815	  0.3985690399073603	  0.4171189920045425	  0.4309339199013728	  0.4385634275207113	  0.4392215470833423	  0.4427235695692104	  0.4299741614559551	  0.4231014874912528	  0.4130574059906839	  0.4054829175448447	  0.4158286023590178	  0.4239914546363490	  0.4333466045412835	  0.4379760184584769	  0.4373198425814507	  0.4322029208789431	  0.4234640479658920	  0.4151119890413527	  0.4189799777780591	  0.4299957209732049	  0.4346859383839640	  0.4349726998528198	  0.4341258376604312	  0.4294865886908891	  0.4221248656916676	  0.4192142023332946	  0.4267345798341932	  0.4324679995741842	  0.4373866633419185	  0.4384289245389402	  0.4362897313544909	  0.4336651207005875	  0.4290107586825594	  0.4229017435260755	  0.4211551116236132	  0.4286539962469063	  0.4345892849525612	  0.4384720415680295	  0.4396249544845562	  0.4388884207259276	  0.4358660861948002	  0.4312248575271255	  0.4266859325026256	  0.4249779630547681	  0.4286413529908827	  0.4314544154536297	  0.4316251187470179	  0.4330003037846595	  0.4340841430701887	  0.4278829410263289	  0.4340024284670864	  0.4343279219315264	  0.4335071962837798	  0.4357406397833214	  0.4357816298142169	  0.4368395111665591	  0.4368655129592601	  0.4469130389795234	  0.4412559119038332	  0.4357402130050353	  0.4350668213648622	  0.4380723226093867	  0.4402910310248346	  0.4413775626716062	  0.4398724780358714	  0.4373530851255218	  0.4339297646866166	  0.4289987446333596	  0.4395154518517530	  0.4346319468311780	  0.4433879517677698	  0.4423626253802868	  0.4387494087631990	  0.4340818618614629	  0.4295125791050264	  0.4317186545719001	  0.4342240087410974	  0.4345502142988421	  0.4334951513383981	  0.4481369594882693	  0.4436999598893756	  0.4393499602826170	  0.4350844266876401	  0.4349696104214943	  0.4364280003330986	  0.4323107550469373	  0.4284610975587695	  0.4253805526940516	  0.4276630754157079	  0.4325708372465858	  0.4343370274522376	  0.4328381127639909	  0.4325789597046693	  0.4314060634700970	  0.4295415594211801	  0.4441259577114312	  0.4403300093549233	  0.4365983991061527	  0.4344072282736721	  0.4331677241853339	  0.4447944590328731	  0.4411486028112921	  0.4375620288046962	  0.4340333027659487	  0.4305610363438211	  0.4271438852617273	  0.4336979884352185	  0.4303097229005683	  0.4269739886145174	  0.4236895733174827	  0.4205641125432393	  0.4286125465283103	  0.4253898958025335	  0.4222153443413206	  0.4190878232721256	  0.4160062951598306	  0.4194224901512200	  0.4163831967443271	  0.4141548622379521	  0.4111966132219668	  0.4082803251849315	  0.4166656793873014	  0.4137519333776000	  0.4108786560624778	  0.4080450101585986	  0.4063357504805690	  0.4035715617017896	  0.4008447268254262	  0.3995640688087681	  0.3969003083500430	  0.3954079601879016	  0.4026723608617674	  0.4035714844654330	  0.4009508904104627	  0.3983641104723307	  0.3958104943795593	  0.3966085412684346	  0.3940983606274951	  0.3916197545858128	  0.3891721311196514	  0.3867549129139393	  0.3969985105910238	  0.3945629369064163	  0.3921570653399137	  0.3897803558530051	  0.3874322814201557	  0.3851123276391967	  0.3883157838409777	  0.3860180573093743	  0.3837473628546132	  0.3815032262297325	  0.3859316890506144	  0.3837008700387611	  0.3814956926247453	  0.3793157172383181	  0.3771605142994641	  0.3750296639361902	  0.3729227557118296	  0.3708393883614842	  0.3687791695372538	  0.3667417155619098	  0.3647266511906905	  0.3627336093809053	  0.3607622310690526	  0.3588121649551658	  0.3568830672941165	  0.3549746016936132	  0.3530864389186472	  0.3512182567021464	  0.3493697395616088	  0.3475405786214957	  0.3457304714411754	  0.3439391218482159	  0.3421662397768334	  0.3404115411113112	  0.3386747475342126	  0.3369555863792166	  0.3352537904884125	  0.3335690980738978	  0.3319012525835284	  0.3302500025706750	  0.3286151015678498	  0.3269963079640674	  0.3253933848858121	  0.3238061000814911	  0.3222342258092508
Memory                :	120.2810762430922438	119.1867670309965916	119.0955533557938537	119.0115456207744984	119.0115456207744984	129.4010932705955952	117.2603263111976588	125.7668390889067496	125.6640406822738356	133.2531876363789536	133.1920020974357612	120.2213553648475823	120.1394644732423131	137.8739080606929690	131.0692917727201916	132.1057468763219731	133.1346272610084895	127.3768615598962839	133.8050299192552473	133.7891965292664622	133.7682331314819635	137.2102631632056671	138.1969787970052721	139.1921864023998978	140.1824725172638182	140.8839448782352690	127.9783393741518438	121.6006125562662135	121.6125981388821202	121.6187439891612456	139.5638716491369280	140.5429869229039639	120.0610320343170372	121.1003303565593257	122.1345552679470785	122.4816766146947913	122.4542351804565783	122.4588513690280536	122.4788554952684478	147.5233662283533249	148.1194890607304444	149.1738974860528799	149.6410004452407065	137.0254944748976129	136.9695075993833200	136.9068608904339328	153.5917707696991386	154.5895837567838385	155.4199880907055444	149.8274505503733280	150.5619104791999234	144.5441042108807892	144.5667393968903127	144.5701365814978203	144.5673572155893112	141.3972625433364101	142.4264226929273605	143.4398253749713490	144.4604653277761770	145.4762439195423553	145.5921907239596464	145.6123608194032784	145.6104869603164218	133.2107050561154153	164.0648291237812941	158.2419156230016313	159.2796453242632424	159.7635181391188439	133.1408517655600861	133.6730148407997376	133.6730148407997376	140.8143003735107470	135.7368083614652789	165.4144693810111164	166.4206606714981831	166.9156101469550038	154.7530319818423550	155.1937089724989391	149.4514977605921331	149.4514977605921331	149.4514977605921331	165.9682036056938728	166.9709335638540324	161.4833904096917081	162.3550927877917047	168.4975937009404561	168.5563794958594599	168.6034566188189672	168.6034566188189672	167.2174346896887585	167.2174346896887585	175.5689486610181120	175.5040678386266961	175.3579734543649522	175.3579734543649522	175.3579734543649522	181.0460401361879406	182.1738738881618360	188.7471475804969145	189.4287776692097225	183.9536482356573401	183.9536482356573401	183.9536482356573401	183.9536482356573401	194.9791065819401865	195.6105410653990475	195.6105410653990475	202.0513072440657254	202.0268299880105474	210.5596935519102146	197.5748979578326328	201.1447267359694706	210.3830298234800580	209.4463424533945215	208.4705417572715191	206.4341419009437004	205.2313104270009205	205.2313104270009205	205.2313104270009205	207.0614274909920312	205.9206245971490716	204.8852662161537808	204.8852662161537808	204.8852662161537808	204.8852662161537808	204.8852662161537808	204.8852662161537808	203.7794342721240355	203.7794342721240355	203.7794342721240355	203.7794342721240355	203.4247606829904669	201.4655408145487456	201.4655408145487456	201.4655408145487456	201.4655408145487456	201.4655408145487456	198.4276045409603171	198.4276045409603171	201.1178116235558946	201.1178116235558946	201.1178116235558946	197.8799204103002012	197.8799204103002012	197.8799204103002012	197.8799204103002012	198.9662473550178561	198.9662473550178561	198.9662473550178561	197.4585445386167635	197.4585445386167635	199.3605895763380431	192.5996302966057669	196.8759588246646786	196.8759588246646786	196.8759588246646786	196.8759588246646786	193.1719849814308816	193.1719849814308816	193.1719849814308816	193.1719849814308816	193.1719849814308816	193.3421611374070608	193.3421611374070608	193.3421611374070608	193.3421611374070608	193.3421611374070608	193.3421611374070608	192.6927095951600393	192.6927095951600393	192.6927095951600393	192.6927095951600393	192.3576853981961960	192.3576853981961960	192.3576853981961960	192.3576853981961960	192.3576853981961960	192.3576853981961960	192.3576853981961960	192.3576853981961960	192.3576853981961960	192.3576853981961960	192.3576853981961960	192.3576853981961960	192.3576853981961960	192.3576853981961960	192.3576853981961960	192.3576853981961960	192.3576853981961960	192.3576853981961960	192.3576853981961960	192.3576853981961960	192.3576853981961960	192.3576853981961960	192.3576853981961960	192.3576853981961960	192.3576853981961960	192.3576853981961960	192.3576853981961960	192.3576853981961960	192.3576853981961960	192.3576853981961960	192.3576853981961960	192.3576853981961960	192.3576853981961960	192.3576853981961960	192.3576853981961960
p                     :	                  28	                  28	                  28	                  28	                  28	                  31	                  27	                  29	                  29	                  31	                  31	                  27	                  27	                  32	                  30	                  30	                  30	                  28	                  30	                  30	                  30	                  31	                  31	                  31	                  31	                  31	                  27	                  25	                  25	                  25	                  30	                  30	                  24	                  24	                  24	                  24	                  24	                  24	                  24	                  31	                  31	                  31	                  31	                  27	                  27	                  27	                  32	                  32	                  32	                  30	                  30	                  28	                  28	                  28	                  28	                  27	                  27	                  27	                  27	                  27	                  27	                  27	                  27	                  23	                  32	                  30	                  30	                  30	                  22	                  22	                  22	                  24	                  22	                  31	                  31	                  31	                  27	                  27	                  25	                  25	                  25	                  30	                  30	                  28	                  28	                  30	                  30	                  30	                  30	                  29	                  29	                  31	                  31	                  31	                  31	                  31	                  32	                  32	                  34	                  34	                  32	                  32	                  32	                  32	                  35	                  35	                  35	                  37	                  37	                  40	                  35	                  36	                  40	                  40	                  40	                  40	                  38	                  38	                  38	                  41	                  41	                  39	                  39	                  39	                  39	                  39	                  39	                  42	                  42	                  42	                  42	                  45	                  45	                  45	                  45	                  45	                  45	                  46	                  46	                  48	                  48	                  48	                  48	                  48	                  48	                  48	                  51	                  51	                  51	                  52	                  52	                  54	                  51	                  52	                  52	                  52	                  52	                  54	                  54	                  54	                  54	                  54	                  55	                  55	                  55	                  55	                  55	                  55	                  58	                  58	                  58	                  58	                  59	                  59	                  59	                  59	                  59	                  59	                  59	                  59	                  59	                  59	                  59	                  59	                  59	                  59	                  59	                  59	                  59	                  59	                  59	                  59	                  59	                  59	                  59	                  59	                  59	                  59	                  59	                  59	                  59	                  59	                  59	                  59	                  59	                  59	                  59
l                     :	                 147	                 147	                 147	                 147	                 147	                 161	                 145	                 153	                 154	                 163	                 163	                 147	                 147	                 168	                 160	                 161	                 162	                 154	                 163	                 163	                 163	                 168	                 168	                 169	                 170	                 170	                 154	                 146	                 146	                 146	                 168	                 169	                 143	                 144	                 145	                 145	                 146	                 146	                 146	                 177	                 177	                 178	                 178	                 162	                 162	                 162	                 184	                 185	                 185	                 178	                 178	                 170	                 171	                 171	                 171	                 167	                 168	                 168	                 169	                 170	                 170	                 171	                 171	                 154	                 193	                 185	                 186	                 186	                 153	                 153	                 153	                 163	                 156	                 193	                 194	                 194	                 178	                 179	                 172	                 172	                 172	                 193	                 194	                 186	                 187	                 195	                 195	                 196	                 196	                 193	                 193	                 203	                 203	                 203	                 203	                 203	                 209	                 210	                 218	                 219	                 212	                 212	                 212	                 212	                 225	                 226	                 226	                 235	                 235	                 250	                 228	                 233	                 253	                 253	                 252	                 249	                 246	                 246	                 246	                 259	                 259	                 254	                 254	                 254	                 254	                 254	                 254	                 270	                 270	                 270	                 270	                 282	                 282	                 282	                 282	                 282	                 282	                 286	                 286	                 298	                 298	                 298	                 293	                 293	                 293	                 293	                 310	                 310	                 310	                 312	                 312	                 327	                 310	                 320	                 320	                 320	                 320	                 327	                 327	                 327	                 327	                 327	                 335	                 335	                 335	                 335	                 335	                 335	                 346	                 346	                 346	                 346	                 354	                 354	                 354	                 354	                 354	                 354	                 354	                 354	                 354	                 354	                 354	                 354	                 354	                 354	                 354	                 354	                 354	                 354	                 354	                 354	                 354	                 354	                 354	                 354	                 354	                 354	                 354	                 354	                 354	                 354	                 354	                 354	                 354	                 354	                 354
b                     :	                  21	                  22	                  22	                  22	                  22	                  25	                  21	                  22	                  22	                  24	                  24	                  20	                  20	                  24	                  23	                  23	                  23	                  21	                  23	                  23	                  23	                  24	                  24	                  24	                  24	                  24	                  20	                  18	                  18	                  18	                  22	                  22	                  17	                  17	                  17	                  17	                  17	                  17	                  17	                  23	                  23	                  23	                  23	                  19	                  19	                  19	                  24	                  24	                  24	                  22	                  22	                  20	                  20	                  20	                  20	                  19	                  19	                  19	                  19	                  19	                  19	                  19	                  19	                  15	                  23	                  21	                  21	                  21	                  14	                  14	                  14	                  16	                  14	                  22	                  22	                  22	                  18	                  18	                  17	                  17	                  17	                  21	                  21	                  19	                  19	                  21	                  21	                  21	                  21	                  20	                  20	                  22	                  22	                  22	                  22	                  22	                  22	                  22	                  24	                  24	                  23	                  23	                  23	                  23	                  25	                  25	                  25	                  27	                  27	                  31	                  25	                  26	                  34	                  35	                  36	                  38	                  33	                  33	                  33	                  45	                  46	                  41	                  41	                  41	                  41	                  41	                  41	                  57	                  57	                  57	                  57	                  70	                  73	                  73	                  73	                  73	                  73	                  81	                  81	                  88	                  88	                  88	                  93	                  93	                  93	                  93	                 105	                 105	                 105	                 111	                 111	                 119	                 113	                 115	                 115	                 115	                 115	                 127	                 127	                 127	                 127	                 127	                 134	                 134	                 134	                 134	                 134	                 134	                 149	                 149	                 149	                 149	                 156	                 156	                 156	                 156	                 156	                 156	                 156	                 156	                 156	                 156	                 156	                 156	                 156	                 156	                 156	                 156	                 156	                 156	                 156	                 156	                 156	                 156	                 156	                 156	                 156	                 156	                 156	                 156	                 156	                 156	                 156	                 156	                 156	                 156	                 156
p_                    :	 13.8666624039165534	 13.8074873218585683	 13.7483134767036770	 13.6891410310405579	 13.6891410310405579	 15.0595136998683419	 13.0159521119640154	 13.9479848031691613	 13.8885138009372966	 14.8190199058598360	 14.7588942992610956	 12.7219214080980159	 12.6631172262695912	 15.0724603468051583	 14.0250007343335650	 13.9652434880811747	 13.9054934467581308	 12.8612285101569039	 13.7859751146081457	 13.7262031505700399	 13.6664350178334697	 14.0979359521909799	 14.0378584358253189	 13.9778359711840992	 13.9178217649255753	 13.8577610341320732	 11.8406520152960901	 10.8056936130613028	 10.7476882540889225	 10.6896894765408046	 13.0693192847973307	 13.0096794842781840	 10.0300121640624020	  9.9724821348310453	  9.9149637653521765	  9.8573882695959494	  9.7998920155080214	  9.7423353853959789	  9.6847875859140871	 13.0180358316270386	 12.9580728593994117	 12.8982034340768035	 12.8382561644205886	 10.8439316920943725	 10.7853447387587771	 10.7267666401126878	 13.0822653573140411	 13.0221402413046725	 12.9619250300906046	 11.9370423277445230	 11.8774905793118606	 10.8561255234019534	 10.7973748830178309	 10.7385310679518735	 10.6796973080360917	 10.1420614092793997	 10.0837138855583035	 10.0252681217116635	  9.9669486860517047	  9.9086445087722357	  9.8502370935282020	  9.7919621673079842	  9.7335806770467457	  7.7778099552851927	 12.0006954053843966	 10.9862768916361748	 10.9270319755463721	 10.8676660589082950	  7.0239578569134284	  6.9676549206655478	  6.9676549206655478	  7.7944033230618954	  6.9232746943661088	 10.9864244284864192	 10.9269626708971686	 10.8673639087868210	  8.9186659123412078	  8.8606540022707012	  7.8466345052361683	  7.8466345052361683	  7.8466345052361683	 10.0389781142472110	  9.9799823821228664	  8.9811925081395412	  8.9229423854171817	  9.8027636012598247	  9.7436652359111751	  9.6847559815391495	  9.6847559815391495	  9.0739832176391140	  9.0739832176391140	  9.9172441528136321	  9.8578977082083412	  9.7985667384203623	  9.7985667384203623	  9.7985667384203623	 10.0881829141795407	 10.0287731051087210	 10.9042354725956194	 10.8442036557770791	  9.9920279177574969	  9.9920279177574969	  9.9920279177574969	  9.9920279177574969	 11.0102923419948429	 10.9500474691577683	 10.9500474691577683	 11.7627095290412349	 11.7016678725419077	 13.0441426979327311	 10.9080479250562785	 11.2129688309570383	 12.8592049234240182	 12.7973492846953043	 12.7352606418499974	 12.6726840113717110	 11.8223076853037856	 11.8223076853037856	 11.8223076853037856	 12.8928879118168052	 12.8308432475240348	 12.1267410107203659	 12.1267410107203659	 12.1267410107203659	 12.1267410107203659	 12.1267410107203659	 12.1267410107203659	 13.0387303009199709	 13.0387303009199709	 13.0387303009199709	 13.0387303009199709	 14.0070001737866274	 13.9490260566214008	 13.9490260566214008	 13.9490260566214008	 13.9490260566214008	 13.9490260566214008	 14.2521231015421250	 14.2521231015421250	 14.8960578498246043	 14.8960578498246043	 14.8960578498246043	 14.8577934538918974	 14.8577934538918974	 14.8577934538918974	 14.8577934538918974	 15.8413396301579361	 15.8413396301579361	 15.8413396301579361	 16.1114875440396617	 16.1114875440396617	 16.9129939425402469	 15.7653987924987309	 16.0678307068657809	 16.0678307068657809	 16.0678307068657809	 16.0678307068657809	 16.6716954018634702	 16.6716954018634702	 16.6716954018634702	 16.6716954018634702	 16.6716954018634702	 16.9736254011991683	 16.9736254011991683	 16.9736254011991683	 16.9736254011991683	 16.9736254011991683	 16.9736254011991683	 17.8779720096799899	 17.8779720096799899	 17.8779720096799899	 17.8779720096799899	 18.1793752539559001	 18.1793752539559001	 18.1793752539559001	 18.1793752539559001	 18.1793752539559001	 18.1793752539559001	 18.1793752539559001	 18.1793752539559001	 18.1793752539559001	 18.1793752539559001	 18.1793752539559001	 18.1793752539559001	 18.1793752539559001	 18.1793752539559001	 18.1793752539559001	 18.1793752539559001	 18.1793752539559001	 18.1793752539559001	 18.1793752539559001	 18.1793752539559001	 18.1793752539559001	 18.1793752539559001	 18.1793752539559001	 18.1793752539559001	 18.1793752539559001	 18.1793752539559001	 18.1793752539559001	 18.1793752539559001	 18.1793752539559001	 18.1793752539559001	 18.1793752539559001	 18.1793752539559001	 18.1793752539559001	 18.1793752539559001	 18.1793752539559001
r                     :	  0.5000000000000000	  0.4952620884735366	  0.4909878046510801	  0.4868233640474852	  0.4868233640474852	  0.4804316139382840	  0.4737107727842463	  0.4713536414957095	  0.4673950055243731	  0.4655260070771384	  0.4617819997736246	  0.4524932480002655	  0.4481958834113652	  0.4518576739620385	  0.4450522041914865	  0.4411047753776473	  0.4371353762734906	  0.4287637812860616	  0.4291244532012487	  0.4250808837994877	  0.4210114800650778	  0.4194133626958670	  0.4154244555820854	  0.4114122913980418	  0.4073737067594342	  0.4033050134793253	  0.3849920488605989	  0.3709030981744292	  0.3656664499028393	  0.3603825894239871	  0.3787655109848980	  0.3743729978191109	  0.3377078962445877	  0.3319649899898005	  0.3261653583327537	  0.3203018593558964	  0.3143851682310726	  0.3084018416331171	  0.3023567041572180	  0.3432086384052683	  0.3386667218053779	  0.3340945325227945	  0.3294804261935071	  0.2980329059230247	  0.2924882516080881	  0.2868906201974831	  0.3167315428857675	  0.3121140084297860	  0.3074530540082326	  0.2890192198590078	  0.2838871556358558	  0.2617565564565479	  0.2560527859447407	  0.2502847948377704	  0.2444601072728810	  0.2278311349577751	  0.2215946780691989	  0.2152821647330193	  0.2089131505397465	  0.2024759916495922	  0.1959577871736508	  0.1893797358477481	  0.1827169862523939	  0.1068367993173113	  0.2274293445681721	  0.2011018936945351	  0.1951590926101933	  0.1891452633661048	  0.0340790835955003	  0.0232817152202971	  0.0232817152202971	  0.0577152300314373	  0.0000000000000000	  0.1650093801853675	  0.1588779660548038	  0.1526698108843059	  0.0807361824874235	  0.0727159628231271	  0.0000000000000000	  0.0000000000000000	  0.0000000000000000	  0.0980254888893285	  0.0909518686441867	  0.0446640233041209	  0.0362793045117921	  0.0691344929008393	  0.0616503756062341	  0.0540706988069716	  0.0540706988069716	  0.0000000000000000	  0.0000000000000000	  0.0432047394706574	  0.0355067499090850	  0.0276434279063411	  0.0276434279063411	  0.0276434279063411	  0.0248490946346061	  0.0169430713975992	  0.0481189354809468	  0.0411379154948972	  0.0000000000000000	  0.0000000000000000	  0.0000000000000000	  0.0000000000000000	  0.0239166706564417	  0.0166028010424906	  0.0166028010424906	  0.0386643457828059	  0.0320163198791242	  0.0715900674809270	  0.0000000000000000	  0.0000000000000000	  0.0541315515599284	  0.0481526493519043	  0.0420730901126278	  0.0358611486766456	  0.0000000000000000	  0.0000000000000000	  0.0000000000000000	  0.0267993750655596	  0.0205104221572804	  0.0000000000000000	  0.0000000000000000	  0.0000000000000000	  0.0000000000000000	  0.0000000000000000	  0.0000000000000000	  0.0000000000000000	  0.0000000000000000	  0.0000000000000000	  0.0000000000000000	  0.0154960942165064	  0.0000000000000000	  0.0000000000000000	  0.0000000000000000	  0.0000000000000000	  0.0000000000000000	  0.0000000000000000	  0.0000000000000000	  0.0130122340250575	  0.0130122340250575	  0.0130122340250575	  0.0000000000000000	  0.0000000000000000	  0.0000000000000000	  0.0000000000000000	  0.0156701470336125	  0.0156701470336125	  0.0156701470336125	  0.0128209537314602	  0.0128209537314602	  0.0276766495882621	  0.0000000000000000	  0.0000000000000000	  0.0000000000000000	  0.0000000000000000	  0.0000000000000000	  0.0000000000000000	  0.0000000000000000	  0.0000000000000000	  0.0000000000000000	  0.0000000000000000	  0.0000000000000000	  0.0000000000000000	  0.0000000000000000	  0.0000000000000000	  0.0000000000000000	  0.0000000000000000	  0.0000000000000000	  0.0000000000000000	  0.0000000000000000	  0.0000000000000000	  0.0000000000000000	  0.0000000000000000	  0.0000000000000000	  0.0000000000000000	  0.0000000000000000	  0.0000000000000000	  0.0000000000000000	  0.0000000000000000	  0.0000000000000000	  0.0000000000000000	  0.0000000000000000	  0.0000000000000000	  0.0000000000000000	  0.0000000000000000	  0.0000000000000000	  0.0000000000000000	  0.0000000000000000	  0.0000000000000000	  0.0000000000000000	  0.0000000000000000	  0.0000000000000000	  0.0000000000000000	  0.0000000000000000	  0.0000000000000000	  0.0000000000000000	  0.0000000000000000	  0.0000000000000000	  0.0000000000000000	  0.0000000000000000	  0.0000000000000000	  0.0000000000000000	  0.0000000000000000	  0.0000000000000000	  0.0000000000000000	  0.0000000000000000
