DS-DOOM
-------
log2 # Instances      :	                   0	                   1	                   2	                   3	                   4	                   5	                   6	                   7	                   8	                   9	                  10	                  11	                  12	                  13	                  14	                  15	                  16	                  17	                  18	                  19	                  20	                  21	                  22	                  23	                  24	                  25	                  26	                  27	                  28	                  29	                  30	                  31	                  32	                  33	                  34	                  35	                  36	                  37	                  38	                  39	                  40	                  41	                  42	                  43	                  44	                  45	                  46	                  47	                  48	                  49	                  50	                  51	                  52	                  53	                  54	                  55	                  56	                  57	                  58	                  59	                  60	                  61	                  62	                  63	                  64	                  65	                  66	                  67	                  68	                  69	                  70	                  71	                  72	                  73	                  74	                  75	                  76	                  77	                  78	                  79	                  80	                  81	                  82	                  83	                  84	                  85	                  86	                  87	                  88	                  89	                  90	                  91	                  92	                  93	                  94	                  95	                  96	                  97	                  98	                  99	                 100	                 101	                 102	                 103	                 104	                 105	                 106	                 107	                 108	                 109	                 110	                 111	                 112	                 113	                 114	                 115	                 116	                 117	                 118	                 119	                 120	                 121	                 122	                 123	                 124	                 125	                 126	                 127	                 128	                 129	                 130	                 131	                 132	                 133	                 134	                 135	                 136	                 137	                 138	                 139	                 140	                 141	                 142	                 143	                 144	                 145	                 146	                 147	                 148	                 149	                 150	                 151	                 152	                 153	                 154	                 155	                 156	                 157	                 158	                 159	                 160	                 161	                 162	                 163	                 164	                 165	                 166	                 167	                 168	                 169	                 170	                 171	                 172	                 173	                 174	                 175	                 176	                 177	                 178	                 179	                 180	                 181	                 182	                 183	                 184	                 185	                 186	                 187	                 188	                 189	                 190	                 191	                 192	                 193	                 194	                 195	                 196	                 197	                 198	                 199	                 200	                 201	                 202	                 203	                 204	                 205	                 206	                 207
log2 # syndromes used :	  0.0000000000000000	  1.0000000000000000	  2.0000000000000000	  3.0000000000000000	  4.0000000000000000	  5.0000000000000000	  6.0000000000000000	  7.0000000000000000	  8.0000000000000000	  9.0000000000000000	 10.0000000000000000	 11.0000000000000000	 12.0000000000000000	 13.0000000000000000	 14.0000000000000000	 15.0000000000000000	 16.0000000000000000	 17.0000000000000000	 18.0000000000000000	 19.0000000000000000	 20.0000000000000000	 21.0000000000000000	 22.0000000000000000	 23.0000000000000000	 24.0000000000000000	 25.0000000000000000	 26.0000000000000000	 27.0000000000000000	 28.0000000000000000	 29.0000000000000000	 30.0000000000000000	 31.0000000000000000	 32.0000000000000000	 33.0000000000000000	 34.0000000000000000	 35.0000000000000000	 36.0000000000000000	 37.0000000000000000	 38.0000000000000000	 39.0000000000000000	 40.0000000000000000	 41.0000000000000000	 42.0000000000000000	 43.0000000000000000	 44.0000000000000000	 45.0000000000000000	 46.0000000000000000	 47.0000000000000000	 48.0000000000000000	 49.0000000000000000	 50.0000000000000000	 51.0000000000000000	 52.0000000000000000	 53.0000000000000000	 54.0000000000000000	 55.0000000000000000	 56.0000000000000000	 57.0000000000000000	 58.0000000000000000	 59.0000000000000000	 60.0000000000000000	 61.0000000000000000	 62.0000000000000000	 63.0000000000000000	 64.0000000000000000	 65.0000000000000000	 66.0000000000000000	 67.0000000000000000	 68.0000000000000000	 69.0000000000000000	 70.0000000000000000	 71.0000000000000000	 72.0000000000000000	 73.0000000000000000	 74.0000000000000000	 75.0000000000000000	 76.0000000000000000	 77.0000000000000000	 78.0000000000000000	 79.0000000000000000	 80.0000000000000000	 81.0000000000000000	 82.0000000000000000	 83.0000000000000000	 84.0000000000000000	 85.0000000000000000	 86.0000000000000000	 87.0000000000000000	 88.0000000000000000	 89.0000000000000000	 90.0000000000000000	 91.0000000000000000	 92.0000000000000000	 93.0000000000000000	 94.0000000000000000	 95.0000000000000000	 96.0000000000000000	 97.0000000000000000	 98.0000000000000000	 99.0000000000000000	100.0000000000000000	101.0000000000000000	102.0000000000000000	103.0000000000000000	104.0000000000000000	105.0000000000000000	106.0000000000000000	107.0000000000000000	108.0000000000000000	109.0000000000000000	110.0000000000000000	111.0000000000000000	112.0000000000000000	113.0000000000000000	114.0000000000000000	115.0000000000000000	116.0000000000000000	117.0000000000000000	118.0000000000000000	119.0000000000000000	120.0000000000000000	121.0000000000000000	122.0000000000000000	123.0000000000000000	124.0000000000000000	125.0000000000000000	126.0000000000000000	127.0000000000000000	128.0000000000000000	129.0000000000000000	130.0000000000000000	131.0000000000000000	132.0000000000000000	133.0000000000000000	134.0000000000000000	135.0000000000000000	136.0000000000000000	137.0000000000000000	138.0000000000000000	139.0000000000000000	140.0000000000000000	141.0000000000000000	142.0000000000000000	143.0000000000000000	144.0000000000000000	145.0000000000000000	146.0000000000000000	147.0000000000000000	148.0000000000000000	149.0000000000000000	150.0000000000000000	151.0000000000000000	152.0000000000000000	153.0000000000000000	154.0000000000000000	155.0000000000000000	156.0000000000000000	157.0000000000000000	158.0000000000000000	159.0000000000000000	160.0000000000000000	161.0000000000000000	162.0000000000000000	163.0000000000000000	164.0000000000000000	165.0000000000000000	166.0000000000000000	167.0000000000000000	168.0000000000000000	169.0000000000000000	170.0000000000000000	171.0000000000000000	172.0000000000000000	173.0000000000000000	173.0000000000000000	173.0000000000000000	173.0000000000000000	173.0000000000000000	173.0000000000000000	173.0000000000000000	173.0000000000000000	173.0000000000000000	173.0000000000000000	173.0000000000000000	173.0000000000000000	173.0000000000000000	173.0000000000000000	173.0000000000000000	173.0000000000000000	173.0000000000000000	173.0000000000000000	173.0000000000000000	173.0000000000000000	173.0000000000000000	173.0000000000000000	173.0000000000000000	173.0000000000000000	173.0000000000000000	173.0000000000000000	173.0000000000000000	173.0000000000000000	173.0000000000000000	173.0000000000000000	173.0000000000000000	173.0000000000000000	173.0000000000000000	173.0000000000000000	173.0000000000000000
Runtime               :	276.0144015323902522	275.6386871237868945	275.1904736938048472	274.8632265733915574	274.5091469926315995	274.1092819258855116	273.7100766875353770	272.9703849265465578	272.6363118335318632	271.9632987874738319	271.7045341375055614	271.0814185860280077	270.9142320678110423	270.3296068487917410	270.2623360092951543	269.7014968539220376	269.0588235210426546	268.5881604122729982	268.0035473789346838	267.6015374964077864	267.0934839992820571	266.7376054386892861	266.3320061403604768	266.0007590398709567	265.7227685716221117	265.1852879289311886	264.6770125175553403	264.0484016450996592	263.6618552531798514	263.0511019488250213	262.7950314902943774	262.1888307276836940	262.0797549371968103	261.4661147425707668	261.2160482395727286	260.7402581871214124	260.0560399693547993	259.6430684834032832	259.0504790748566393	258.6800500525699817	258.1986418623628197	257.8473754672823475	257.5032283521433101	257.1513559308145886	256.7733171648707184	256.2553321840769058	255.6679674885496354	255.1254658721085775	254.7176345239086004	254.1418682473515389	253.9234711278749330	253.3015897675395252	253.2265297689551744	252.6091802051189461	252.1796844398658379	251.7765840147212089	251.0695709542118266	250.7025186493787317	250.1199991331406807	249.7666180004565888	249.3309708205040067	248.9683153847433914	248.6866098769513655	248.3142035815889415	247.7274023472158149	247.3178718763725783	246.6872866770935673	246.2012697538270913	245.8081244403320227	245.2349886155081435	245.0056611403772422	244.4184665478792908	244.1653566212955297	243.7558247018314148	243.1562542675790155	242.8129202691607986	242.1029028166779256	241.7664309505813662	241.2146301545774918	240.8612175902596562	240.4930902253926206	240.0992772346826598	239.7968618857753142	239.4621953030463715	238.6399557274179415	238.3456281969697841	237.5552915372983023	237.2733520158245142	236.6428070547012794	236.3289209341552066	235.9031388145681660	235.5382942596500868	235.2660917117374026	234.9034839971745896	234.1492356857022799	233.8475417139617889	233.1573659871880864	232.8336462391585826	232.3352733052171857	231.9636100891389390	231.6825373992082007	231.2404167469704248	230.7778348317630730	230.4511553193061673	229.6373005936564482	229.3793929478352425	228.6074453580250179	228.3365446802594079	227.7517255798981353	227.4207584106959530	227.0701681120119133	226.6584736001081808	226.2519682689134868	225.9537111293929854	225.1587953328094613	224.8767526337921652	224.2350179173701292	223.9024038655784352	223.4816542177863994	223.0717080180696428	222.7794589432872385	222.3883571271346398	221.7396413044648682	221.4397824488450794	220.6365343446093732	220.4044407304053266	219.6690398107494673	219.3827860962940690	218.8742493815476848	218.5110441484243893	218.2508723914344841	217.7884155842468772	217.2039579652782493	216.9515151129228059	216.1857101253486348	215.8910004523357031	215.3358084981505840	214.9723580672798562	214.6525509644503984	214.1927684753654546	213.7884875393094148	213.5103162384314714	212.6864236675100699	212.4186005844412932	211.6310595792226650	211.4647560525949928	210.7431569900803083	210.6420836368423579	210.0214450559909949	209.9543639330633482	209.2485267601938119	208.9606908432230910	208.1589922520920197	207.9784680915308002	207.2327502554768444	207.1229886742936515	206.4680148148768239	206.3964298227584777	205.8197990355085096	205.5134906187628587	204.7024923802549381	204.5076500692484558	203.7457338447819097	203.6272723691313047	202.9478115433718699	202.8723456313078373	202.3076049024258225	202.0751134400924229	201.2572996462467358	201.0492298659636674	200.6267064279671501	200.5015282670233887	200.4162208242956353	200.1110028966568279	200.1110028966568279	200.1110028966568279	200.1110028966568279	200.1110028966568279	200.1110028966568279	200.1110028966568279	200.1110028966568279	200.1110028966568279	200.1110028966568279	200.1110028966568279	200.1110028966568279	200.1110028966568279	200.1110028966568279	200.1110028966568279	200.1110028966568279	200.1110028966568279	200.1110028966568279	200.1110028966568279	200.1110028966568279	200.1110028966568279	200.1110028966568279	200.1110028966568279	200.1110028966568279	200.1110028966568279	200.1110028966568279	200.1110028966568279	200.1110028966568279	200.1110028966568279	200.1110028966568279	200.1110028966568279	200.1110028966568279	200.1110028966568279	200.1110028966568279	200.1110028966568279
Speedups              :	  0.0000000000000000	  0.3757144086033577	  0.4119639192927025	  0.3837249863328983	  0.3763136349396632	  0.3810239213009481	  0.3840541408091458	  0.4348595151205278	  0.4222612123572986	  0.4501225272129356	  0.4309867394884691	  0.4484529951238404	  0.4250141220482675	  0.4372918987383470	  0.4108618230782213	  0.4208603118978810	  0.4347236257092248	  0.4368377129480738	  0.4450474529697538	  0.4427823176832877	  0.4460458766554097	  0.4417521949381412	  0.4401088814558989	  0.4353757605443172	  0.4288180400320059	  0.4331645441383625	  0.4360534236474966	  0.4431851810107627	  0.4411623671146572	  0.4470103304677666	  0.4406456680698625	  0.4459861549905341	  0.4354577060997951	  0.4408571754490753	  0.4352456850828683	  0.4364040955791097	  0.4432878211954293	  0.4424684607834316	  0.4464190120403582	  0.4444705507646223	  0.4453939917506858	  0.4430981967099489	  0.4407422185773082	  0.4386754791064108	  0.4372973719890803	  0.4390904299625188	  0.4423137835617525	  0.4444454395804612	  0.4436826460100344	  0.4463782303069125	  0.4418186080903064	  0.4453492502911907	  0.4382283031429823	  0.4416079495711567	  0.4413836498615633	  0.4406875912303462	  0.4454434031817576	  0.4440681207545881	  0.4464552137801650	  0.4448776869819265	  0.4447238451981041	  0.4433784614368338	  0.4407708331522401	  0.4396856817587509	  0.4419843622683506	  0.4414850716310411	  0.4443502250802528	  0.4449721160979576	  0.4442099572361504	  0.4460784480707552	  0.4429820056001859	  0.4450131687959291	  0.4423478459874267	  0.4418983127473813	  0.4440290170920437	  0.4426864168430594	  0.4462039304698990	  0.4447788387247907	  0.4461509151001636	  0.4449770119257038	  0.4440163913374704	  0.4433965962679950	  0.4416773127635968	  0.4403880268595649	  0.4449338786306227	  0.4431620392402408	  0.4471989534313017	  0.4452994197306407	  0.4474044827010111	  0.4459042763846635	  0.4456806968646899	  0.4447923876125293	  0.4429164110940527	  0.4420528767227491	  0.4453741047519997	  0.4438616822992470	  0.4464274535958559	  0.4451624257034193	  0.4457053900731945	  0.4449574893257708	  0.4433186413318205	  0.4433067800536616	  0.4434957519669331	  0.4423616137192630	  0.4459336628724404	  0.4441429389005239	  0.4472354356072192	  0.4455874472161761	  0.4468766291897418	  0.4458132396485716	  0.4449475765488940	  0.4446479993899285	  0.4443074398524711	  0.4430149593185599	  0.4461018087682526	  0.4446752078138964	  0.4463739966812080	  0.4454016894599301	  0.4451927738525750	  0.4448965841539547	  0.4436245215758585	  0.4431904496302116	  0.4448750838354540	  0.4436960901101233	  0.4465957031272652	  0.4448796864158794	  0.4471854104892126	  0.4459182317802849	  0.4464074386784576	  0.4457624603408206	  0.4443348395458136	  0.4444731751766670	  0.4455336633872121	  0.4440818527779507	  0.4464827716943404	  0.4453585265189226	  0.4461661252517622	  0.4455623610592000	  0.4446510910720279	  0.4447599500505381	  0.4444708142362917	  0.4432913850635374	  0.4459716751047900	  0.4447258807548878	  0.4471065413414416	  0.4451699688261742	  0.4470633187829448	  0.4447096455479448	  0.4458983545702653	  0.4433559570424624	  0.4451058318146429	  0.4440643091997825	  0.4464171663177515	  0.4446793035350291	  0.4466340992007364	  0.4444607281167522	  0.4458101712661117	  0.4434265713989285	  0.4442696360562136	  0.4434019554316188	  0.4456994322008457	  0.4441413134356633	  0.4461028869605453	  0.4440928169525089	  0.4455279877379170	  0.4432851872792873	  0.4440168471684604	  0.4427502280975918	  0.4449827493222828	  0.4435808974344768	  0.4434570300260183	  0.4415957500898647	  0.4395243064424106	  0.4387479689926788	  0.4362264289409967	  0.4337337064899053	  0.4312693104303035	  0.4288327606538612	  0.4264235878411990	  0.4240413331605219	  0.4216855479762968	  0.4193557935675880	  0.4170516408556781	  0.4147726701406198	  0.4125184708463773	  0.4102886412742347	  0.4080827883641582	  0.4059005274638151	  0.4037414821049650	  0.4016052837869493	  0.3994915717670180	  0.3973999928572430	  0.3953302012277782	  0.3932818582162353	  0.3912546321429558	  0.3892481981319663	  0.3872622379374154	  0.3852964397752966	  0.3833504981602698	  0.3814241137474041	  0.3795169931786671	  0.3776288489339971	  0.3757593991867991	  0.3739083676637114	  0.3720754835084972	  0.3702604811499192	  0.3684631001734632	  0.3666830851967798
Memory                :	 90.7604398959451686	 82.4277195833808491	 90.9276080200436638	 82.5915645275018875	 91.0974828534834842	 78.5435284622137857	 96.4502622729508801	 80.4241498326913415	 98.3231956079546592	 82.2986881730512465	 99.7996464596672723	 83.2028616469582829	 99.9681278749802971	 83.3650371653121738	 95.6633417633604495	 88.0511914399811388	 97.5362814763452803	 89.9246420657264878	 99.4025926482749895	 91.8000174101003665	100.6223713469560579	 92.4354421695468318	100.7870434192928144	 92.6009424031704356	100.9546306066880703	 88.8690108638781879	107.0165181464709434	 90.7480139366440568	108.8827074465052931	 92.6206826364070821	109.5956784857654753	 93.2910316908229049	109.7618765256607816	 93.4547896908588598	106.1698025351997927	 98.4360944247806628	108.0412751617969747	100.3122089661814016	109.9058797411745587	102.1817088560794389	110.4798665799660569	102.4412335827779685	110.6471043353084127	102.6046771415514627	115.7083197147916849	 99.1899455084741390	117.5750629822508841	101.0679269395638045	119.2181197234952350	102.9391866769350941	119.3838837376354718	103.3733361696940563	103.4472210271558339	103.5352289941222352	116.6721880654327066	108.8239722583721516	118.5423884642854517	110.6949628069135372	120.1723655417544165	112.2796946168560197	120.3392650050495831	112.4429477770102181	104.4292534659695804	112.6046758250686395	126.2660867127687396	109.5183881993643809	128.1314350445245225	111.3920988253823339	129.0065442182445281	113.2622106436195963	105.0179092327803971	113.4555746305479289	105.4724179642564224	113.6158715633242764	127.1778487318056676	119.2179107677923611	129.0422175713402737	121.0840407744198615	130.0272282918714097	122.2845798408332598	130.1924738185229842	122.4461929138133200	114.5983526819782554	127.0479118256581188	127.9876694381651845	128.9191472630153612	129.8570277499215138	121.7384507974823293	131.0938316510006132	123.3788539369768245	131.2593823454995174	123.5391151996453516	115.7371010623002832	123.7018664671674344	137.6922848512650717	129.6352458077990661	139.5599688078375209	131.5008370437384997	139.8859725154507601	132.2877230927071821	140.0497391896650186	132.4479221492577210	145.5344199751952203	137.5332585048959118	138.4726638449758127	139.4000647180723433	140.3369534160481749	132.1417130932354382	141.0242921444988440	133.4661698747181049	141.1884411260058982	133.6291939709377061	146.3702783629102555	147.2989591322917136	148.2365691840977320	140.1063048619580798	149.5857398005367713	141.9754888822981513	149.7493188414242979	142.2985152251958425	134.8753624705670404	142.4579739925137289	156.1378500633236399	148.0726427265044265	149.0120159522170979	140.8536019639526273	150.7994925626668135	142.7321144156124433	150.9636924089224692	143.6570657420970178	151.1272409115223638	144.0287861330606631	156.9740737079596329	148.8867444627722705	158.8398026981145108	150.7674085849481003	159.4511041033937886	152.2179697286797477	159.6185215288576842	152.5242687298841986	164.9363983732534678	156.9174653220065636	157.8651532929380608	158.8008746282751815	159.7386728528728668	160.6678876912914689	160.8279142681806775	160.9700036911117422	161.1794485239687447	161.4554050191996737	165.8878631724283252	166.8252321029527820	167.7642496053671550	168.6954458105373647	169.2282062222101615	169.3583327086134318	169.5368397486809329	169.7743076656346943	173.9093071511317135	174.8444851069834556	175.7848904024002934	176.7182117657720539	177.5632821451473262	177.6824770758582019	177.8423279137552981	178.0503888076796954	178.3557600396698888	182.8588309320550138	183.8052904400315128	184.7316902650700001	180.7473538294780724	181.7473538294780724	182.7515440590890989	183.7515440590890989	183.7515440590890989	183.7515440590890989	183.7515440590890989	183.7515440590890989	183.7515440590890989	183.7515440590890989	183.7515440590890989	183.7515440590890989	183.7515440590890989	183.7515440590890989	183.7515440590890989	183.7515440590890989	183.7515440590890989	183.7515440590890989	183.7515440590890989	183.7515440590890989	183.7515440590890989	183.7515440590890989	183.7515440590890989	183.7515440590890989	183.7515440590890989	183.7515440590890989	183.7515440590890989	183.7515440590890989	183.7515440590890989	183.7515440590890989	183.7515440590890989	183.7515440590890989	183.7515440590890989	183.7515440590890989	183.7515440590890989	183.7515440590890989	183.7515440590890989	183.7515440590890989
p                     :	                  18	                  16	                  18	                  16	                  18	                  15	                  19	                  15	                  19	                  15	                  19	                  15	                  19	                  15	                  18	                  16	                  18	                  16	                  18	                  16	                  18	                  16	                  18	                  16	                  18	                  15	                  19	                  15	                  19	                  15	                  19	                  15	                  19	                  15	                  18	                  16	                  18	                  16	                  18	                  16	                  18	                  16	                  18	                  16	                  19	                  15	                  19	                  15	                  19	                  15	                  19	                  15	                  15	                  15	                  18	                  16	                  18	                  16	                  18	                  16	                  18	                  16	                  14	                  16	                  19	                  15	                  19	                  15	                  19	                  15	                  13	                  15	                  13	                  15	                  18	                  16	                  18	                  16	                  18	                  16	                  18	                  16	                  14	                  17	                  17	                  17	                  17	                  15	                  17	                  15	                  17	                  15	                  13	                  15	                  18	                  16	                  18	                  16	                  18	                  16	                  18	                  16	                  19	                  17	                  17	                  17	                  17	                  15	                  17	                  15	                  17	                  15	                  18	                  18	                  18	                  16	                  18	                  16	                  18	                  16	                  14	                  16	                  19	                  17	                  17	                  15	                  17	                  15	                  17	                  15	                  17	                  15	                  18	                  16	                  18	                  16	                  18	                  16	                  18	                  16	                  19	                  17	                  17	                  17	                  17	                  17	                  17	                  17	                  17	                  17	                  18	                  18	                  18	                  18	                  18	                  18	                  18	                  18	                  19	                  19	                  19	                  19	                  19	                  19	                  19	                  19	                  19	                  20	                  20	                  20	                  18	                  18	                  19	                  19	                  19	                  19	                  19	                  19	                  19	                  19	                  19	                  19	                  19	                  19	                  19	                  19	                  19	                  19	                  19	                  19	                  19	                  19	                  19	                  19	                  19	                  19	                  19	                  19	                  19	                  19	                  19	                  19	                  19	                  19	                  19	                  19	                  19	                  19
l                     :	                  86	                  78	                  87	                  79	                  88	                  76	                  93	                  77	                  94	                  78	                  95	                  79	                  96	                  80	                  93	                  85	                  94	                  86	                  95	                  87	                  96	                  88	                  97	                  89	                  98	                  86	                 103	                  87	                 104	                  88	                 105	                  89	                 106	                  90	                 103	                  95	                 104	                  96	                 105	                  97	                 106	                  98	                 107	                  99	                 112	                  96	                 113	                  97	                 114	                  98	                 115	                  99	                  99	                 100	                 113	                 105	                 114	                 106	                 115	                 107	                 116	                 108	                 100	                 109	                 122	                 106	                 123	                 107	                 124	                 108	                 100	                 109	                 101	                 110	                 123	                 115	                 124	                 116	                 125	                 117	                 126	                 118	                 110	                 123	                 124	                 124	                 125	                 117	                 126	                 118	                 127	                 119	                 111	                 120	                 133	                 125	                 134	                 126	                 135	                 127	                 136	                 128	                 141	                 133	                 134	                 134	                 135	                 127	                 136	                 128	                 137	                 129	                 142	                 142	                 143	                 135	                 144	                 136	                 145	                 137	                 129	                 138	                 151	                 143	                 144	                 136	                 145	                 137	                 146	                 138	                 147	                 139	                 152	                 144	                 153	                 145	                 154	                 146	                 155	                 147	                 160	                 152	                 153	                 153	                 154	                 154	                 155	                 155	                 156	                 156	                 161	                 161	                 162	                 162	                 163	                 163	                 164	                 164	                 169	                 169	                 170	                 170	                 171	                 171	                 172	                 172	                 173	                 177	                 178	                 178	                 171	                 171	                 176	                 176	                 176	                 176	                 176	                 176	                 176	                 176	                 176	                 176	                 176	                 176	                 176	                 176	                 176	                 176	                 176	                 176	                 176	                 176	                 176	                 176	                 176	                 176	                 176	                 176	                 176	                 176	                 176	                 176	                 176	                 176	                 176	                 176	                 176	                 176
r                     :	  0.5000000000000000	  0.4968030321489706	  0.4942230060152318	  0.4904093455861890	  0.4884463155710720	  0.4830997987164009	  0.4834564288651025	  0.4763402707823757	  0.4779424645425623	  0.4695810244195935	  0.4724287627790985	  0.4628220366363408	  0.4669153132217205	  0.4560632842321662	  0.4595669853627732	  0.4520532400885620	  0.4537918566138361	  0.4456613847866625	  0.4480169441302286	  0.4392697156726207	  0.4422422349981885	  0.4328782131602106	  0.4364677161298992	  0.4264868573202785	  0.4306933742414316	  0.4155143739987595	  0.4283273401674411	  0.4087565909373728	  0.4228155240609678	  0.4019988436277545	  0.4173038620040178	  0.3952411044577732	  0.4117923422274502	  0.3884833449888269	  0.4018238378219315	  0.3881406318927079	  0.3960502648171643	  0.3817497063586233	  0.3902767682335588	  0.3753587500723271	  0.3845033322935166	  0.3689677377834572	  0.3787299407676927	  0.3625766433416284	  0.3787255191899904	  0.3479346437676395	  0.3732146427394699	  0.3411758580255346	  0.3677038037919111	  0.3344167836310376	  0.3621929875364686	  0.3276573801950289	  0.3242752050075485	  0.3208976053223655	  0.3440895493522299	  0.3242267525528523	  0.3383159683898941	  0.3178342570773391	  0.3325422809489098	  0.3114414269557353	  0.3267684647878466	  0.3050482234981325	  0.2775509262057132	  0.2986546059454336	  0.3236165543145223	  0.2803284782815745	  0.3181053204225515	  0.2735647037477619	  0.3125939493700184	  0.2668001196152610	  0.2320812844379560	  0.2600346542535643	  0.2244105806641560	  0.2532682309405556	  0.2863460586098343	  0.2602816099957215	  0.2805702800259904	  0.2538837340347841	  0.2747941190795949	  0.2474850161807328	  0.2690175396640651	  0.2410853856425133	  0.2056696946659004	  0.2482344890792008	  0.2452020106688055	  0.2421624659991895	  0.2391296747300713	  0.2058686395202729	  0.2330565012326368	  0.1990909582142971	  0.2269824219252701	  0.1923112776642553	  0.1475397769022398	  0.1855294224824152	  0.2285662392704680	  0.1962552081852105	  0.2227847141822861	  0.1898449563381681	  0.2170023231789806	  0.1834328300126435	  0.2112189974331195	  0.1770186673093101	  0.2188537739962559	  0.1874689389006425	  0.1844315287082955	  0.1813851792199605	  0.1783469863051349	  0.1379761489550114	  0.1722606038624999	  0.1311676462158315	  0.1661722231823616	  0.1243540867386656	  0.1764947988178874	  0.1735944065799742	  0.1707024637625350	  0.1320446316807502	  0.1649083866597532	  0.1256056589872019	  0.1591124192281840	  0.1191620005562618	  0.0680918145309301	  0.1127131225639186	  0.1636184530138708	  0.1265298001453148	  0.1234800658298760	  0.0764527406288651	  0.1173673259513869	  0.0695654667784963	  0.1112499744545692	  0.0626610115942994	  0.1051274802006617	  0.0557357994550512	  0.1184712927662940	  0.0738661000525574	  0.1126523666623475	  0.0673547320530657	  0.1068291074592998	  0.0608277312732709	  0.1010010202647841	  0.0542819179346712	  0.1137604475170829	  0.0713216249272080	  0.0682402478989981	  0.0651437814655196	  0.0620556226207952	  0.0589515535281261	  0.0558552765062979	  0.0527420681466358	  0.0496359108898792	  0.0465115080415870	  0.0658899982689802	  0.0629425953104523	  0.0600038902722583	  0.0570494212609427	  0.0541031866175812	  0.0511402443889099	  0.0481848701903351	  0.0452115806909955	  0.0635715381761720	  0.0607581682084641	  0.0579538375839433	  0.0551338395182935	  0.0523224574055105	  0.0494945256504950	  0.0466746008819863	  0.0438370020475775	  0.0410065248136300	  0.0585953725563066	  0.0559125416891865	  0.0532141001562003	  0.0054171172218010	  0.0019686862487859	  0.0238158571263430	  0.0209013879222359	  0.0209013879222359	  0.0209013879222359	  0.0209013879222359	  0.0209013879222359	  0.0209013879222359	  0.0209013879222359	  0.0209013879222359	  0.0209013879222359	  0.0209013879222359	  0.0209013879222359	  0.0209013879222359	  0.0209013879222359	  0.0209013879222359	  0.0209013879222359	  0.0209013879222359	  0.0209013879222359	  0.0209013879222359	  0.0209013879222359	  0.0209013879222359	  0.0209013879222359	  0.0209013879222359	  0.0209013879222359	  0.0209013879222359	  0.0209013879222359	  0.0209013879222359	  0.0209013879222359	  0.0209013879222359	  0.0209013879222359	  0.0209013879222359	  0.0209013879222359	  0.0209013879222359	  0.0209013879222359	  0.0209013879222359	  0.0209013879222359

MMT-DOOM
--------
log2 # Instances      :	                   0	                   1	                   2	                   3	                   4	                   5	                   6	                   7	                   8	                   9	                  10	                  11	                  12	                  13	                  14	                  15	                  16	                  17	                  18	                  19	                  20	                  21	                  22	                  23	                  24	                  25	                  26	                  27	                  28	                  29	                  30	                  31	                  32	                  33	                  34	                  35	                  36	                  37	                  38	                  39	                  40	                  41	                  42	                  43	                  44	                  45	                  46	                  47	                  48	                  49	                  50	                  51	                  52	                  53	                  54	                  55	                  56	                  57	                  58	                  59	                  60	                  61	                  62	                  63	                  64	                  65	                  66	                  67	                  68	                  69	                  70	                  71	                  72	                  73	                  74	                  75	                  76	                  77	                  78	                  79	                  80	                  81	                  82	                  83	                  84	                  85	                  86	                  87	                  88	                  89	                  90	                  91	                  92	                  93	                  94	                  95	                  96	                  97	                  98	                  99	                 100	                 101	                 102	                 103	                 104	                 105	                 106	                 107	                 108	                 109	                 110	                 111	                 112	                 113	                 114	                 115	                 116	                 117	                 118	                 119	                 120	                 121	                 122	                 123	                 124	                 125	                 126	                 127	                 128	                 129	                 130	                 131	                 132	                 133	                 134	                 135	                 136	                 137	                 138	                 139	                 140	                 141	                 142	                 143	                 144	                 145	                 146	                 147	                 148	                 149	                 150	                 151	                 152	                 153	                 154	                 155	                 156	                 157	                 158	                 159	                 160	                 161	                 162	                 163	                 164	                 165	                 166	                 167	                 168	                 169	                 170	                 171	                 172	                 173	                 174	                 175	                 176	                 177	                 178	                 179	                 180	                 181	                 182	                 183	                 184	                 185	                 186	                 187	                 188	                 189	                 190	                 191	                 192	                 193	                 194	                 195	                 196	                 197	                 198	                 199	                 200	                 201	                 202	                 203	                 204	                 205	                 206	                 207
log2 # syndromes used :	  0.0000000000000000	  1.0000000000000000	  2.0000000000000000	  3.0000000000000000	  3.0000000000000000	  5.0000000000000000	  6.0000000000000000	  7.0000000000000000	  8.0000000000000000	  9.0000000000000000	 10.0000000000000000	 11.0000000000000000	 12.0000000000000000	 13.0000000000000000	 14.0000000000000000	 15.0000000000000000	 16.0000000000000000	 17.0000000000000000	 18.0000000000000000	 19.0000000000000000	 20.0000000000000000	 21.0000000000000000	 22.0000000000000000	 23.0000000000000000	 24.0000000000000000	 25.0000000000000000	 26.0000000000000000	 27.0000000000000000	 28.0000000000000000	 29.0000000000000000	 30.0000000000000000	 31.0000000000000000	 32.0000000000000000	 33.0000000000000000	 34.0000000000000000	 35.0000000000000000	 36.0000000000000000	 37.0000000000000000	 38.0000000000000000	 39.0000000000000000	 40.0000000000000000	 41.0000000000000000	 42.0000000000000000	 43.0000000000000000	 44.0000000000000000	 45.0000000000000000	 46.0000000000000000	 47.0000000000000000	 48.0000000000000000	 49.0000000000000000	 50.0000000000000000	 51.0000000000000000	 52.0000000000000000	 53.0000000000000000	 54.0000000000000000	 55.0000000000000000	 56.0000000000000000	 57.0000000000000000	 58.0000000000000000	 59.0000000000000000	 60.0000000000000000	 61.0000000000000000	 62.0000000000000000	 63.0000000000000000	 64.0000000000000000	 65.0000000000000000	 66.0000000000000000	 67.0000000000000000	 68.0000000000000000	 69.0000000000000000	 70.0000000000000000	 70.0000000000000000	 71.9814199535300503	 73.0000000000000000	 74.0000000000000000	 75.0000000000000000	 76.0000000000000000	 77.0000000000000000	 78.0000000000000000	 78.3088301938224021	 78.3088301938224021	 78.3088301938224021	 82.0000000000000000	 83.0000000000000000	 84.0000000000000000	 85.0000000000000000	 86.0000000000000000	 87.0000000000000000	 88.0000000000000000	 88.0000000000000000	 89.9640507692751470	 89.9640507692751470	 92.0000000000000000	 93.0000000000000000	 94.0000000000000000	 94.0000000000000000	 96.0000000000000000	 97.0000000000000000	 98.0000000000000000	 99.0000000000000000	100.0000000000000000	100.7570292066786664	100.7570292066786664	100.7570292066786664	100.7570292066786664	105.0000000000000000	106.0000000000000000	106.0000000000000000	108.0000000000000000	109.0000000000000000	110.0000000000000000	111.0000000000000000	112.0000000000000000	113.0000000000000000	114.0000000000000000	115.0000000000000000	115.0000000000000000	117.0000000000000000	117.1803375143904589	117.1803375143904589	117.1803375143904589	121.0000000000000000	121.0000000000000000	122.3222254261767148	122.3222254261767148	122.3222254261767148	122.3222254261767148	122.3222254261767148	122.3222254261767148	128.1300368215109415	128.1300368215109415	128.1300368215109415	128.1300368215109415	133.0000000000000000	133.1979851028812902	133.1979851028812902	133.1979851028812902	133.1979851028812902	133.1979851028812902	138.2450986045768389	140.0000000000000000	141.0000000000000000	141.0000000000000000	141.0000000000000000	143.2151737581837097	143.2151737581837097	143.2151737581837097	143.2151737581837097	143.2151737581837097	143.2151737581837097	143.2151737581837097	151.0000000000000000	151.0000000000000000	151.0000000000000000	153.7961699544152907	153.7961699544152907	153.7961699544152907	153.7961699544152907	153.7961699544152907	153.7961699544152907	153.7961699544152907	153.7961699544152907	153.7961699544152907	153.7961699544152907	163.4863778021454834	163.4863778021454834	163.4863778021454834	163.4863778021454834	163.4863778021454834	163.4863778021454834	169.0886007592781368	169.0886007592781368	169.0886007592781368	169.0886007592781368	169.0886007592781368	169.0886007592781368	169.0886007592781368	169.0886007592781368	169.0886007592781368	169.0886007592781368	169.0886007592781368	169.0886007592781368	169.0886007592781368	169.0886007592781368	169.0886007592781368	169.0886007592781368	169.0886007592781368	169.0886007592781368	169.0886007592781368	169.0886007592781368	169.0886007592781368	169.0886007592781368	169.0886007592781368	169.0886007592781368	169.0886007592781368	169.0886007592781368	169.0886007592781368	169.0886007592781368	169.0886007592781368	169.0886007592781368	169.0886007592781368	169.0886007592781368	169.0886007592781368	169.0886007592781368	169.0886007592781368	169.0886007592781368	169.0886007592781368	169.0886007592781368
Runtime               :	264.2984015057456872	263.0066867806276605	262.8448263790984356	262.7868430738288339	262.7868430738288339	262.1132454755065737	261.3828309037718896	261.2411559251095809	260.7966411090358179	260.2014621840648942	259.8301700393433293	259.6415408881373423	259.5794396160533779	259.5265565344928973	258.7681346735976149	257.9269232417562989	257.2843490792910188	256.8019597103967158	256.4521449534985322	256.2426965265847230	256.1315396265273421	255.9787253980065032	255.1537574448204566	254.3949884203230170	253.7415137814777495	253.2242134731602903	252.8135689909962025	252.5181257068150558	252.5010546909653613	252.3446547237680306	252.1565363768416432	251.4687825047531078	250.9983038189410252	250.2642250825203973	249.6089511045316272	249.1222098357794721	248.7965148772812825	248.6674037830976545	248.5364731238518345	248.0375265444407376	247.3295638495054334	246.4642546660899995	245.9218503506784828	245.5620426505397802	245.3228693550103117	245.1589413514566616	245.0811617954427959	244.3002158395407832	243.5860248882630117	242.9040220987129715	242.3285185986106285	242.0118337851103263	241.6448091950786079	241.3909887291560779	241.2481848500016497	241.1742584839548158	240.5535411870060329	239.7960901371118041	239.0504197989384636	238.4319208384965521	237.9537499867165025	237.5930085396193476	237.3740337383692633	237.2558063226592822	237.1604270300425696	236.4833452557569728	235.8640380034561019	235.2978256856866324	234.8837215881574423	234.4748889923365027	234.0884237789735494	234.0884237789735494	232.8924369841383282	232.7529213786268940	232.0897335324519588	231.4990011578087774	231.0702514313142899	230.6792600974886227	230.2548303242186876	229.1754426922760786	229.1754426922760786	229.1754426922760786	228.5507497263441792	227.8645934704827880	227.1997214261746194	226.7217922458713133	226.3746155498983228	226.1468532442061132	226.0065484500923958	226.0065484500923958	224.7651764714059937	224.7651764714059937	223.3879030171293039	223.0125733982699501	222.8814258392110617	222.8814258392110617	222.8734154298940950	222.3308681369772160	221.6148675661306697	221.0786761099593321	220.6875463713472243	218.8361962556017488	218.8361962556017488	218.8361962556017488	218.8361962556017488	218.4398340833217276	217.7408965445948468	217.7408965445948468	217.5998463906159657	217.4682255519252294	217.1136851064420057	215.4115467519715139	214.5966551581325632	214.0167867198819920	213.8767835542861633	213.5339032992074522	213.5339032992074522	213.4266801519360115	212.0484339453945495	212.0484339453945495	212.0484339453945495	211.6775423764951540	211.6775423764951540	209.3356044052657410	209.3356044052657410	209.3356044052657410	209.3356044052657410	209.3356044052657410	209.3356044052657410	207.7914181058483223	207.7914181058483223	207.7914181058483223	207.7914181058483223	207.5480671911132333	206.3654828373722694	206.3654828373722694	206.3654828373722694	206.3654828373722694	206.3654828373722694	206.2211927479145857	205.8311428112065755	205.3421125149058355	205.3421125149058355	205.3421125149058355	203.6882462351663889	203.6882462351663889	203.6882462351663889	203.6882462351663889	203.6882462351663889	203.6882462351663889	203.6882462351663889	203.1995598416133646	203.1995598416133646	203.1995598416133646	200.7220331269171254	200.7220331269171254	200.7220331269171254	200.7220331269171254	200.7220331269171254	200.7220331269171254	200.7220331269171254	200.7220331269171254	200.7220331269171254	200.7220331269171254	198.8075661348518963	198.8075661348518963	198.8075661348518963	198.8075661348518963	198.8075661348518963	198.8075661348518963	197.9628869436905632	197.9628869436905632	197.9628869436905632	197.9628869436905632	197.9628869436905632	197.9628869436905632	197.9628869436905632	197.9628869436905632	197.9628869436905632	197.9628869436905632	197.9628869436905632	197.9628869436905632	197.9628869436905632	197.9628869436905632	197.9628869436905632	197.9628869436905632	197.9628869436905632	197.9628869436905632	197.9628869436905632	197.9628869436905632	197.9628869436905632	197.9628869436905632	197.9628869436905632	197.9628869436905632	197.9628869436905632	197.9628869436905632	197.9628869436905632	197.9628869436905632	197.9628869436905632	197.9628869436905632	197.9628869436905632	197.9628869436905632	197.9628869436905632	197.9628869436905632	197.9628869436905632	197.9628869436905632	197.9628869436905632	197.9628869436905632
Speedups              :	  0.0000000000000000	  1.2917147251180268	  0.7267875633236258	  0.5038528106389512	  0.3778896079792133	  0.4370312060478227	  0.4859284336622996	  0.4367493686623009	  0.4377200495887337	  0.4552154801867548	  0.4468231466402358	  0.4233509652371223	  0.3932468241410258	  0.3670649977886761	  0.3950190594391480	  0.4247652175992925	  0.4383782766534168	  0.4409671644322924	  0.4359031417915086	  0.4239844725874192	  0.4083430939609173	  0.3961750527494849	  0.4156656391329650	  0.4305831776270726	  0.4398703218444974	  0.4429675213034159	  0.4417243274903648	  0.4363065110715049	  0.4213338148135831	  0.4121981648957813	  0.4047288376301348	  0.4138586774513736	  0.4156280527126457	  0.4252780734310694	  0.4320426588592370	  0.4336054762847490	  0.4306079619017890	  0.4224593979094063	  0.4147875889972066	  0.4169455118283321	  0.4242209414060064	  0.4349791912111143	  0.4375369322635049	  0.4357292757024629	  0.4312620943348949	  0.4253213367619784	  0.4177660806587585	  0.4254933120469129	  0.4315078461975557	  0.4366199878986268	  0.4393976581427012	  0.4369915239340267	  0.4356460059743669	  0.4322153354073511	  0.4268558639952599	  0.4204389640325613	  0.4240153628346367	  0.4298651117304190	  0.4353100294277107	  0.4384149265635446	  0.4390775253171531	  0.4377933273135465	  0.4342639962480068	  0.4292475425886731	  0.4240308511828612	  0.4279239423075187	  0.4308236894286301	  0.4328444152247620	  0.4325688223174742	  0.4322248190349157	  0.4315711103824591	  0.4254926440390442	  0.4361939516889911	  0.4321298647550519	  0.4352522699093747	  0.4373253379724921	  0.4372125009793605	  0.4366122260812606	  0.4364560407888077	  0.4445944153603748	  0.4390369851683701	  0.4336167754749334	  0.4359469729195306	  0.4389615425935289	  0.4416509533282270	  0.4420777559985221	  0.4409742553005507	  0.4385235432360871	  0.4351346938142420	  0.4302455399511606	  0.4392580559371077	  0.4344310443334032	  0.4446793313980041	  0.4439336355642552	  0.4406061241120705	  0.4359681649108908	  0.4315102716234541	  0.4326549831831801	  0.4355462646899492	  0.4365628827857208	  0.4361085513439846	  0.4501208440608311	  0.4457078946092543	  0.4413806334965431	  0.4371365889436917	  0.4367482611659425	  0.4392217449165174	  0.4351168687958022	  0.4323940288437937	  0.4296346417781693	  0.4289519672663971	  0.4404221148988664	  0.4437655923894029	  0.4449700423527760	  0.4422948943110485	  0.4414304191872890	  0.4376249845391227	  0.4348010372120485	  0.4427963352572130	  0.4390753576500095	  0.4354163963362595	  0.4348831332995912	  0.4313185174528732	  0.4468520089469915	  0.4432483637135480	  0.4397023768038396	  0.4362126754006345	  0.4327779299250389	  0.4293968523474996	  0.4380386310069563	  0.4346691030761336	  0.4313510183198272	  0.4280832075749800	  0.4266942429671613	  0.4323352139430852	  0.4291327308768401	  0.4259773431498046	  0.4228680194771782	  0.4198037584664741	  0.4178216457397921	  0.4176232763895651	  0.4181297091548926	  0.4151851337383088	  0.4122817411946843	  0.4209038560456896	  0.4180010708315814	  0.4151380497984883	  0.4123139814325122	  0.4095280761525628	  0.4067795655743577	  0.4040677018038620	  0.4046280904909426	  0.4019660635798179	  0.3993388344060936	  0.4128335609014842	  0.4101701185730875	  0.4075408229412087	  0.4049450215212010	  0.4023820783470162	  0.3998513734517520	  0.3973523023676785	  0.3948842756448979	  0.3924467183878306	  0.3900390698087642	  0.3993343620176451	  0.3969141537629927	  0.3945231046439385	  0.3921606908436754	  0.3898264010172249	  0.3875197359224485	  0.3902089091885595	  0.3879269857430124	  0.3856715962910182	  0.3834422807055209	  0.3812385894370984	  0.3790600832117436	  0.3769063327389496	  0.3747769184296900	  0.3726714301239052	  0.3705894668271236	  0.3685306364558618	  0.3664945555914648	  0.3644808492420611	  0.3624891506123231	  0.3605191008807344	  0.3585703489840817	  0.3566425514088985	  0.3547353719895996	  0.3528484817130592	  0.3509815585293922	  0.3491342871687112	  0.3473063589636394	  0.3454974716773704	  0.3437073293370732	  0.3419356420724491	  0.3401821259592571	  0.3384465028676282	  0.3367285003150006	  0.3350278513235107	  0.3333442942816841	  0.3316775728102756	  0.3300274356321151	  0.3283936364458174	  0.3267759338032272	  0.3251740909904663	  0.3235878759124640	  0.3220170609808501	  0.3204614230050972
Memory                :	134.8591395992115451	133.7804503184623570	133.6923783304539484	133.6036291060854921	133.6036291060854921	130.9839389826838669	131.9212019845883503	127.2664336725535463	127.6651895416924560	134.8238490210582086	134.8969610270862347	134.8142636260007805	134.7308834385140983	139.4714844646173333	132.5545431224234108	140.1365557796287931	141.1590204732441123	135.5013234817304806	135.4922260104742122	135.4909919693167808	135.4708188459298128	138.6856504351433443	139.6857569348265429	140.6826397356711027	141.6630772734027346	142.6511421994100601	129.5515750652908764	129.5938487683579581	123.0895995605827977	123.0977529118156895	154.1815888838002593	141.9222185526197677	149.4478188132015077	122.1524340938485835	123.1873753050282971	123.9909209563160459	123.9530736603917376	123.9287737331623021	123.9513361198056316	155.5917845365167693	156.5878418113959754	150.5187946102468004	151.5632908000602299	151.5196235606218522	138.6964145287662973	138.6364092633609744	161.6013059350870265	162.5796894269515178	156.7843128966786139	157.8010934433600028	152.1117012917298155	152.6594160715696091	146.3485589763653252	146.3554016780126403	146.3561614775885573	146.3632145252133512	164.8752762090583985	144.4973994423948227	145.5093223428372937	146.5277203915438520	147.3834390184608765	147.3953166972412134	147.3991775858167443	147.3943550005478471	172.0952456071034931	166.3277056475637607	167.3178258442332833	161.4508901674880121	161.7558329534441555	155.6489192864787299	135.9700052885949049	135.9700052885949049	137.3185740899060931	180.0986409458482456	167.5766894759822776	168.5815407041459366	169.0161082718834393	156.7048485459868061	157.0981222489951108	151.1460635813096189	151.1460635813096189	151.1460635813096189	168.0263652156261287	169.0282741505402271	170.0094030288431668	170.5294928687198137	170.6041016183947647	170.6617816051209502	170.7064565106186933	170.7064565106186933	169.1486679194459839	169.1486679194459839	177.7580960960682432	177.7098294731991075	177.5709618040425823	177.5709618040425823	178.9283686105426909	188.9658300186003999	184.2189564330374481	190.9131207652137334	191.8353092025078013	186.2533905598673130	186.2533905598673130	186.2533905598673130	186.2533905598673130	197.1246550982483541	198.1816231747744439	198.1816231747744439	204.6547415002427215	204.6420455548932296	208.8731959241077902	207.8317484566307201	207.9591387275550289	208.0791400612407358	207.1113176177247226	207.5494624285774137	207.5494624285774137	205.3078147336642303	203.8839735496230219	203.8839735496230219	203.8839735496230219	204.8356947618102026	204.8356947618102026	203.6752601623872181	203.6752601623872181	203.6752601623872181	203.6752601623872181	203.6752601623872181	203.6752601623872181	201.5011236747661485	201.5011236747661485	201.5011236747661485	201.5011236747661485	201.9401520187500125	198.6382536289729046	198.6382536289729046	198.6382536289729046	198.6382536289729046	198.6382536289729046	197.4953662932212239	200.4245747625491276	199.3501365645905139	199.3501365645905139	199.3501365645905139	197.3967913591512513	197.3967913591512513	197.3967913591512513	197.3967913591512513	197.3967913591512513	197.3967913591512513	197.3967913591512513	196.1704645003043481	196.1704645003043481	196.1704645003043481	194.2315237395176837	194.2315237395176837	194.2315237395176837	194.2315237395176837	194.2315237395176837	194.2315237395176837	194.2315237395176837	194.2315237395176837	194.2315237395176837	194.2315237395176837	192.2662740877263445	192.2662740877263445	192.2662740877263445	192.2662740877263445	192.2662740877263445	192.2662740877263445	191.8427182688590165	191.8427182688590165	191.8427182688590165	191.8427182688590165	191.8427182688590165	191.8427182688590165	191.8427182688590165	191.8427182688590165	191.8427182688590165	191.8427182688590165	191.8427182688590165	191.8427182688590165	191.8427182688590165	191.8427182688590165	191.8427182688590165	191.8427182688590165	191.8427182688590165	191.8427182688590165	191.8427182688590165	191.8427182688590165	191.8427182688590165	191.8427182688590165	191.8427182688590165	191.8427182688590165	191.8427182688590165	191.8427182688590165	191.8427182688590165	191.8427182688590165	191.8427182688590165	191.8427182688590165	191.8427182688590165	191.8427182688590165	191.8427182688590165	191.8427182688590165	191.8427182688590165	191.8427182688590165	191.8427182688590165	191.8427182688590165
p                     :	                  32	                  32	                  32	                  32	                  32	                  31	                  31	                  29	                  29	                  31	                  31	                  31	                  31	                  32	                  30	                  32	                  32	                  30	                  30	                  30	                  30	                  31	                  31	                  31	                  31	                  31	                  27	                  27	                  25	                  25	                  34	                  30	                  32	                  24	                  24	                  24	                  24	                  24	                  24	                  33	                  33	                  31	                  31	                  31	                  27	                  27	                  34	                  34	                  32	                  32	                  30	                  30	                  28	                  28	                  28	                  28	                  33	                  27	                  27	                  27	                  27	                  27	                  27	                  27	                  34	                  32	                  32	                  30	                  30	                  28	                  22	                  22	                  22	                  35	                  31	                  31	                  31	                  27	                  27	                  25	                  25	                  25	                  30	                  30	                  30	                  30	                  30	                  30	                  30	                  30	                  29	                  29	                  31	                  31	                  31	                  31	                  31	                  34	                  32	                  34	                  34	                  32	                  32	                  32	                  32	                  35	                  35	                  35	                  37	                  37	                  40	                  38	                  38	                  38	                  38	                  38	                  38	                  39	                  38	                  38	                  38	                  41	                  41	                  39	                  39	                  39	                  39	                  39	                  39	                  42	                  42	                  42	                  42	                  45	                  43	                  43	                  43	                  43	                  43	                  46	                  48	                  48	                  48	                  48	                  48	                  48	                  48	                  48	                  48	                  48	                  48	                  52	                  52	                  52	                  52	                  52	                  52	                  52	                  52	                  52	                  52	                  52	                  52	                  52	                  55	                  55	                  55	                  55	                  55	                  55	                  58	                  58	                  58	                  58	                  58	                  58	                  58	                  58	                  58	                  58	                  58	                  58	                  58	                  58	                  58	                  58	                  58	                  58	                  58	                  58	                  58	                  58	                  58	                  58	                  58	                  58	                  58	                  58	                  58	                  58	                  58	                  58	                  58	                  58	                  58	                  58	                  58	                  58
l                     :	                 165	                 166	                 166	                 166	                 166	                 162	                 163	                 155	                 155	                 164	                 165	                 165	                 165	                 170	                 162	                 171	                 172	                 164	                 164	                 165	                 165	                 169	                 170	                 171	                 171	                 172	                 155	                 156	                 147	                 147	                 186	                 170	                 179	                 145	                 146	                 147	                 147	                 147	                 147	                 187	                 187	                 179	                 180	                 180	                 164	                 164	                 194	                 194	                 187	                 187	                 180	                 180	                 172	                 172	                 172	                 173	                 195	                 170	                 170	                 171	                 172	                 172	                 172	                 172	                 203	                 195	                 196	                 188	                 188	                 180	                 156	                 156	                 157	                 212	                 195	                 196	                 196	                 180	                 181	                 173	                 173	                 173	                 195	                 196	                 196	                 197	                 197	                 197	                 198	                 198	                 195	                 195	                 205	                 205	                 205	                 205	                 215	                 219	                 212	                 220	                 221	                 214	                 214	                 214	                 214	                 228	                 228	                 228	                 237	                 237	                 247	                 242	                 243	                 243	                 242	                 250	                 250	                 250	                 244	                 244	                 244	                 257	                 257	                 255	                 255	                 255	                 255	                 255	                 255	                 266	                 266	                 266	                 266	                 285	                 274	                 274	                 274	                 274	                 274	                 291	                 301	                 300	                 300	                 300	                 304	                 304	                 304	                 304	                 304	                 304	                 304	                 319	                 319	                 319	                 318	                 318	                 318	                 318	                 318	                 318	                 318	                 318	                 318	                 318	                 340	                 340	                 340	                 340	                 340	                 340	                 353	                 353	                 353	                 353	                 353	                 353	                 353	                 353	                 353	                 353	                 353	                 353	                 353	                 353	                 353	                 353	                 353	                 353	                 353	                 353	                 353	                 353	                 353	                 353	                 353	                 353	                 353	                 353	                 353	                 353	                 353	                 353	                 353	                 353	                 353	                 353	                 353	                 353
b                     :	                  25	                  26	                  26	                  26	                  26	                  25	                  25	                  22	                  22	                  24	                  24	                  24	                  24	                  24	                  23	                  25	                  25	                  23	                  23	                  23	                  23	                  24	                  24	                  24	                  24	                  24	                  20	                  20	                  18	                  18	                  26	                  22	                  24	                  17	                  17	                  17	                  17	                  17	                  17	                  25	                  25	                  23	                  23	                  23	                  19	                  19	                  26	                  26	                  24	                  24	                  22	                  22	                  20	                  20	                  20	                  20	                  24	                  19	                  19	                  19	                  19	                  19	                  19	                  19	                  25	                  23	                  23	                  21	                  21	                  19	                  14	                  14	                  14	                  26	                  22	                  22	                  22	                  18	                  18	                  17	                  17	                  17	                  21	                  21	                  21	                  21	                  21	                  21	                  21	                  21	                  20	                  20	                  22	                  22	                  22	                  22	                  22	                  24	                  22	                  24	                  24	                  23	                  23	                  23	                  23	                  25	                  25	                  25	                  27	                  27	                  35	                  29	                  30	                  31	                  32	                  33	                  33	                  38	                  37	                  37	                  37	                  50	                  50	                  45	                  45	                  45	                  45	                  45	                  45	                  62	                  62	                  62	                  62	                  75	                  70	                  70	                  70	                  70	                  70	                  85	                  92	                  93	                  93	                  93	                  97	                  97	                  97	                  97	                  97	                  97	                  97	                 116	                 116	                 116	                 121	                 121	                 121	                 121	                 121	                 121	                 121	                 121	                 121	                 121	                 139	                 139	                 139	                 139	                 139	                 139	                 154	                 154	                 154	                 154	                 154	                 154	                 154	                 154	                 154	                 154	                 154	                 154	                 154	                 154	                 154	                 154	                 154	                 154	                 154	                 154	                 154	                 154	                 154	                 154	                 154	                 154	                 154	                 154	                 154	                 154	                 154	                 154	                 154	                 154	                 154	                 154	                 154	                 154
p_                    :	 15.8599278057668673	 15.8002336807849790	 15.7405362391155421	 15.6808399269908012	 15.6808399269908012	 15.0649949422777620	 15.0056218321663515	 13.9548091986246234	 13.8960539901021303	 14.8274939140004278	 14.7681394710155089	 14.7087666000038659	 14.6493961321809767	 15.0840809949001340	 14.0371062451240807	 14.9647799585961501	 14.9051532990652618	 13.8600368794628537	 13.8010006403507219	 13.7420064110559590	 13.6829791372657006	 14.1153630599523421	 14.0560758571936777	 13.9967962031383877	 13.9374762326905426	 13.8782102773713465	 11.8608661449943469	 11.8029060360213176	 10.7688026168197108	 10.7115004708961443	 15.0490023552040775	 13.0342620166208398	 13.9515510573778343	  9.9967491961353723	  9.9399106229867833	  9.8830831999966602	  9.8262028447433778	  9.7693307068709618	  9.7124669897508760	 14.0212822619043749	 13.9614493949251823	 12.9304233513499245	 12.8712954002643123	 12.8120954939107925	 10.8183714153052435	 10.7605011171623808	 14.0873989017367798	 14.0273181229787074	 12.9997579045218945	 12.9402954685523763	 11.9159948723415958	 11.8571805734079145	 10.8363583318755854	 10.7782243708186609	 10.7200999832134922	 10.6620857805433538	 13.0058857035279889	 10.0673971270878653	 10.0096631307224051	  9.9520461787370724	  9.8944437757507959	  9.8367466832922013	  9.7790611331088737	  9.7213873162834847	 13.0081753109486797	 11.9909892095953179	 11.9318118107531976	 10.9183944643728505	 10.8597590147158076	  9.8504989892070061	  6.9593604406330885	  6.9593604406330885	  6.9280347887530995	 12.9467681465763409	 10.9831165224104268	 10.9243772009203131	 10.8655124778422056	  8.9163860905504553	  8.8590631840322711	  7.8523735366958052	  7.8523735366958052	  7.8523735366958052	 10.0411587889224005	  9.9828719669162442	  9.9244494103170489	  9.8661954064950965	  9.8078026155013092	  9.7494241199909144	  9.6912198456057688	  9.6912198456057688	  9.0811200089451187	  9.0811200089451187	  9.9269338999489314	  9.8683111508635406	  9.8097032832508457	  9.8097032832508457	  9.6942825071049814	 11.0390993346265152	 10.0431876279604779	 10.9202514657536867	 10.8609448648989186	 10.0002471183493746	 10.0002471183493746	 10.0002471183493746	 10.0002471183493746	 11.0313686716000525	 10.9716529845550390	 10.9716529845550390	 11.7867490816767386	 11.7264658478094042	 13.0699884772083852	 12.0733440687524887	 12.0130229850185231	 11.9525009486540039	 11.8917726235413781	 11.8330507725637215	 11.8330507725637215	 12.1772750293681487	 11.8327128459540578	 11.8327128459540578	 11.8327128459540578	 12.8657718640825642	 12.8657718640825642	 12.1376111527662580	 12.1376111527662580	 12.1376111527662580	 12.1376111527662580	 12.1376111527662580	 12.1376111527662580	 13.0506607771218874	 13.0506607771218874	 13.0506607771218874	 13.0506607771218874	 13.9916875251192270	 13.3547945381585063	 13.3547945381585063	 13.3547945381585063	 13.3547945381585063	 13.3547945381585063	 14.2660149005486154	 14.9510497759856396	 14.8879069007806066	 14.8879069007806066	 14.8879069007806066	 14.8727731764554783	 14.8727731764554783	 14.8727731764554783	 14.8727731764554783	 14.8727731764554783	 14.8727731764554783	 14.8727731764554783	 16.1148048822766654	 16.1148048822766654	 16.1148048822766654	 16.0840552890718911	 16.0840552890718911	 16.0840552890718911	 16.0840552890718911	 16.0840552890718911	 16.0840552890718911	 16.0840552890718911	 16.0840552890718911	 16.0840552890718911	 16.0840552890718911	 16.9914858706524683	 16.9914858706524683	 16.9914858706524683	 16.9914858706524683	 16.9914858706524683	 16.9914858706524683	 17.8973284639839605	 17.8973284639839605	 17.8973284639839605	 17.8973284639839605	 17.8973284639839605	 17.8973284639839605	 17.8973284639839605	 17.8973284639839605	 17.8973284639839605	 17.8973284639839605	 17.8973284639839605	 17.8973284639839605	 17.8973284639839605	 17.8973284639839605	 17.8973284639839605	 17.8973284639839605	 17.8973284639839605	 17.8973284639839605	 17.8973284639839605	 17.8973284639839605	 17.8973284639839605	 17.8973284639839605	 17.8973284639839605	 17.8973284639839605	 17.8973284639839605	 17.8973284639839605	 17.8973284639839605	 17.8973284639839605	 17.8973284639839605	 17.8973284639839605	 17.8973284639839605	 17.8973284639839605	 17.8973284639839605	 17.8973284639839605	 17.8973284639839605	 17.8973284639839605	 17.8973284639839605	 17.8973284639839605
r                     :	  0.5000000000000000	  0.4958205370708317	  0.4920566281085031	  0.4883936376906711	  0.4883936376906711	  0.4806607691477806	  0.4769784437660082	  0.4716852272728697	  0.4677708016444710	  0.4659252428958656	  0.4622255671802594	  0.4585121435890279	  0.4547839592835345	  0.4524188273328027	  0.4456906826708613	  0.4451014166722519	  0.4414161753966113	  0.4339221643794473	  0.4299524459345165	  0.4259604926097461	  0.4219413586968396	  0.4203635096291436	  0.4164268622830086	  0.4124650624298027	  0.4084748294313835	  0.4044608504147486	  0.3863645489192752	  0.3816556741635628	  0.3672826733378941	  0.3620697382381444	  0.3937842355538255	  0.3759000400864922	  0.3793334804471152	  0.3340355140764876	  0.3283175441899089	  0.3225433344812403	  0.3167061241582056	  0.3108100433894080	  0.3048539451943422	  0.3544996703198632	  0.3503299594576336	  0.3361860740798275	  0.3316440229724781	  0.3270609083767633	  0.2951690227748645	  0.2896572305299390	  0.3299014856311163	  0.3256625231484003	  0.3099502073789142	  0.3053231168396373	  0.2867286972897406	  0.2816326726091437	  0.2593076622235468	  0.2536336276045443	  0.2479047224235702	  0.2421286083613170	  0.2792371385541354	  0.2192144078113393	  0.2129455019636367	  0.2066203451105017	  0.2002280463151334	  0.1937565585129256	  0.1872145288543463	  0.1806004358405306	  0.2485151417383516	  0.2259260121370281	  0.2205978946644628	  0.1935827000456091	  0.1876194514378507	  0.1547405479290892	  0.0205547769829176	  0.0205547769829176	  0.0000000000000000	  0.2127517946440218	  0.1638830184175663	  0.1578073994894962	  0.1516572882246649	  0.0794498050327737	  0.0714991584539351	  0.0000000000000000	  0.0000000000000000	  0.0000000000000000	  0.0973311531324211	  0.0903273983304351	  0.0832189582921552	  0.0760338474442161	  0.0687339937825976	  0.0613294609442042	  0.0538304139785007	  0.0538304139785007	  0.0000000000000000	  0.0000000000000000	  0.0433262977289130	  0.0357208198549332	  0.0279555985053445	  0.0279555985053445	  0.0119609590821271	  0.0623239033231565	  0.0176460391006198	  0.0488284254643552	  0.0419392033197997	  0.0000000000000000	  0.0000000000000000	  0.0000000000000000	  0.0000000000000000	  0.0251908817247194	  0.0179814450000066	  0.0179814450000066	  0.0400594781933862	  0.0335149059094642	  0.0728866543479063	  0.0372201995730202	  0.0308013941994366	  0.0242395703160342	  0.0175003613530329	  0.0107408498476132	  0.0107408498476132	  0.0150440508115060	  0.0000000000000000	  0.0000000000000000	  0.0000000000000000	  0.0227798938215313	  0.0227798938215313	  0.0000000000000000	  0.0000000000000000	  0.0000000000000000	  0.0000000000000000	  0.0000000000000000	  0.0000000000000000	  0.0000000000000000	  0.0000000000000000	  0.0000000000000000	  0.0000000000000000	  0.0126287906566508	  0.0000000000000000	  0.0000000000000000	  0.0000000000000000	  0.0000000000000000	  0.0000000000000000	  0.0000000000000000	  0.0164983978638644	  0.0108320276711656	  0.0108320276711656	  0.0108320276711656	  0.0000000000000000	  0.0000000000000000	  0.0000000000000000	  0.0000000000000000	  0.0000000000000000	  0.0000000000000000	  0.0000000000000000	  0.0116054465090620	  0.0116054465090620	  0.0116054465090620	  0.0000000000000000	  0.0000000000000000	  0.0000000000000000	  0.0000000000000000	  0.0000000000000000	  0.0000000000000000	  0.0000000000000000	  0.0000000000000000	  0.0000000000000000	  0.0000000000000000	  0.0000000000000000	  0.0000000000000000	  0.0000000000000000	  0.0000000000000000	  0.0000000000000000	  0.0000000000000000	  0.0000000000000000	  0.0000000000000000	  0.0000000000000000	  0.0000000000000000	  0.0000000000000000	  0.0000000000000000	  0.0000000000000000	  0.0000000000000000	  0.0000000000000000	  0.0000000000000000	  0.0000000000000000	  0.0000000000000000	  0.0000000000000000	  0.0000000000000000	  0.0000000000000000	  0.0000000000000000	  0.0000000000000000	  0.0000000000000000	  0.0000000000000000	  0.0000000000000000	  0.0000000000000000	  0.0000000000000000	  0.0000000000000000	  0.0000000000000000	  0.0000000000000000	  0.0000000000000000	  0.0000000000000000	  0.0000000000000000	  0.0000000000000000	  0.0000000000000000	  0.0000000000000000	  0.0000000000000000	  0.0000000000000000	  0.0000000000000000	  0.0000000000000000	  0.0000000000000000	  0.0000000000000000	  0.0000000000000000
