DS-DOOM
-------
log2 # Instances      :	                   0	                   1	                   2	                   3	                   4	                   5	                   6	                   7	                   8	                   9	                  10	                  11	                  12	                  13	                  14	                  15	                  16	                  17	                  18	                  19	                  20	                  21	                  22	                  23	                  24	                  25	                  26	                  27	                  28	                  29	                  30	                  31	                  32	                  33	                  34	                  35	                  36	                  37	                  38	                  39	                  40	                  41	                  42	                  43	                  44	                  45	                  46	                  47	                  48	                  49	                  50	                  51	                  52	                  53	                  54	                  55	                  56	                  57	                  58	                  59	                  60	                  61	                  62	                  63	                  64	                  65	                  66	                  67	                  68	                  69	                  70	                  71	                  72	                  73	                  74	                  75	                  76	                  77	                  78	                  79	                  80	                  81	                  82	                  83	                  84	                  85	                  86	                  87	                  88	                  89	                  90	                  91	                  92	                  93	                  94	                  95	                  96	                  97	                  98	                  99	                 100	                 101	                 102	                 103	                 104	                 105	                 106	                 107	                 108	                 109	                 110	                 111	                 112	                 113	                 114	                 115	                 116	                 117	                 118	                 119	                 120	                 121	                 122	                 123	                 124	                 125	                 126	                 127	                 128	                 129	                 130	                 131	                 132	                 133	                 134	                 135	                 136	                 137	                 138	                 139	                 140	                 141	                 142	                 143	                 144	                 145	                 146	                 147	                 148	                 149	                 150	                 151	                 152	                 153	                 154	                 155	                 156	                 157	                 158	                 159	                 160	                 161	                 162	                 163	                 164	                 165	                 166	                 167	                 168	                 169	                 170	                 171	                 172	                 173	                 174	                 175	                 176	                 177	                 178	                 179	                 180	                 181	                 182	                 183	                 184	                 185	                 186	                 187	                 188	                 189	                 190	                 191	                 192	                 193	                 194	                 195	                 196	                 197	                 198	                 199	                 200	                 201	                 202	                 203	                 204	                 205	                 206	                 207	                 208	                 209	                 210	                 211	                 212	                 213	                 214	                 215	                 216	                 217	                 218	                 219	                 220	                 221	                 222	                 223	                 224	                 225	                 226	                 227	                 228	                 229	                 230	                 231	                 232	                 233
log2 # syndromes used :	  0.0000000000000000	  1.0000000000000000	  2.0000000000000000	  3.0000000000000000	  4.0000000000000000	  5.0000000000000000	  6.0000000000000000	  7.0000000000000000	  8.0000000000000000	  9.0000000000000000	 10.0000000000000000	 11.0000000000000000	 12.0000000000000000	 13.0000000000000000	 14.0000000000000000	 15.0000000000000000	 16.0000000000000000	 17.0000000000000000	 18.0000000000000000	 19.0000000000000000	 20.0000000000000000	 21.0000000000000000	 22.0000000000000000	 23.0000000000000000	 24.0000000000000000	 25.0000000000000000	 26.0000000000000000	 27.0000000000000000	 28.0000000000000000	 29.0000000000000000	 30.0000000000000000	 31.0000000000000000	 32.0000000000000000	 33.0000000000000000	 34.0000000000000000	 35.0000000000000000	 36.0000000000000000	 37.0000000000000000	 38.0000000000000000	 39.0000000000000000	 40.0000000000000000	 41.0000000000000000	 42.0000000000000000	 43.0000000000000000	 44.0000000000000000	 45.0000000000000000	 46.0000000000000000	 47.0000000000000000	 48.0000000000000000	 49.0000000000000000	 50.0000000000000000	 51.0000000000000000	 52.0000000000000000	 53.0000000000000000	 54.0000000000000000	 55.0000000000000000	 56.0000000000000000	 57.0000000000000000	 58.0000000000000000	 59.0000000000000000	 60.0000000000000000	 61.0000000000000000	 62.0000000000000000	 63.0000000000000000	 64.0000000000000000	 65.0000000000000000	 66.0000000000000000	 67.0000000000000000	 68.0000000000000000	 69.0000000000000000	 70.0000000000000000	 71.0000000000000000	 72.0000000000000000	 73.0000000000000000	 74.0000000000000000	 75.0000000000000000	 76.0000000000000000	 77.0000000000000000	 78.0000000000000000	 79.0000000000000000	 80.0000000000000000	 81.0000000000000000	 82.0000000000000000	 83.0000000000000000	 84.0000000000000000	 85.0000000000000000	 86.0000000000000000	 87.0000000000000000	 88.0000000000000000	 89.0000000000000000	 90.0000000000000000	 91.0000000000000000	 92.0000000000000000	 93.0000000000000000	 94.0000000000000000	 95.0000000000000000	 96.0000000000000000	 97.0000000000000000	 98.0000000000000000	 99.0000000000000000	100.0000000000000000	101.0000000000000000	102.0000000000000000	103.0000000000000000	104.0000000000000000	105.0000000000000000	106.0000000000000000	107.0000000000000000	108.0000000000000000	109.0000000000000000	110.0000000000000000	111.0000000000000000	112.0000000000000000	113.0000000000000000	114.0000000000000000	115.0000000000000000	116.0000000000000000	117.0000000000000000	118.0000000000000000	119.0000000000000000	120.0000000000000000	121.0000000000000000	122.0000000000000000	123.0000000000000000	124.0000000000000000	125.0000000000000000	126.0000000000000000	127.0000000000000000	128.0000000000000000	129.0000000000000000	130.0000000000000000	131.0000000000000000	132.0000000000000000	133.0000000000000000	134.0000000000000000	135.0000000000000000	136.0000000000000000	137.0000000000000000	138.0000000000000000	139.0000000000000000	140.0000000000000000	141.0000000000000000	142.0000000000000000	143.0000000000000000	144.0000000000000000	145.0000000000000000	146.0000000000000000	147.0000000000000000	148.0000000000000000	149.0000000000000000	150.0000000000000000	151.0000000000000000	152.0000000000000000	153.0000000000000000	154.0000000000000000	155.0000000000000000	156.0000000000000000	157.0000000000000000	158.0000000000000000	159.0000000000000000	160.0000000000000000	161.0000000000000000	162.0000000000000000	163.0000000000000000	164.0000000000000000	165.0000000000000000	166.0000000000000000	167.0000000000000000	168.0000000000000000	169.0000000000000000	170.0000000000000000	171.0000000000000000	172.0000000000000000	173.0000000000000000	174.0000000000000000	175.0000000000000000	176.0000000000000000	177.0000000000000000	178.0000000000000000	179.0000000000000000	180.0000000000000000	181.0000000000000000	182.0000000000000000	183.0000000000000000	184.0000000000000000	185.0000000000000000	186.0000000000000000	187.0000000000000000	188.0000000000000000	189.0000000000000000	190.0000000000000000	191.0000000000000000	192.0000000000000000	193.0000000000000000	194.0000000000000000	194.0000000000000000	196.0000000000000000	197.0000000000000000	198.0000000000000000	198.0000000000000000	198.0000000000000000	198.0000000000000000	198.0000000000000000	198.0000000000000000	198.0000000000000000	198.0000000000000000	198.0000000000000000	198.0000000000000000	198.0000000000000000	198.0000000000000000	198.0000000000000000	198.0000000000000000	198.0000000000000000	198.0000000000000000	198.0000000000000000	198.0000000000000000	198.0000000000000000	198.0000000000000000	198.0000000000000000	198.0000000000000000	198.0000000000000000	198.0000000000000000	198.0000000000000000	198.0000000000000000	198.0000000000000000	198.0000000000000000	198.0000000000000000	198.0000000000000000	198.0000000000000000	198.0000000000000000	198.0000000000000000	198.0000000000000000	198.0000000000000000	198.0000000000000000
Runtime               :	311.0185648006259953	310.5998847834032404	310.1972273744672748	309.8307795511819336	309.5281159942175009	309.0623929295315975	308.4393144148307329	307.9088507783904447	307.3385811063627671	306.8937997969326261	306.3914526546423076	306.0134410367806481	305.6010738055221623	305.2712182591216106	304.9709513522251996	304.6561751735429198	304.0554959157889812	303.5300760825361408	302.9882258223816507	302.5394391105132286	302.0756585415253994	301.6794805226815015	301.3197665331304620	300.9544563891112148	300.6395087406347102	300.0903723209157761	299.4206079983292739	298.9503641380828753	298.3620532868601458	297.9550813374883091	297.4653328634769878	297.1027387517717102	296.7340326600919980	296.3974627791679950	296.1441974318494204	295.6562146239300546	295.0242733724553545	294.5564334294608670	294.0115738586473526	293.5956408368630264	293.1609114055611940	292.7730171974675955	292.4623314789799338	292.0934432459155232	291.5924410444135901	291.1170497429220632	290.4138763799103344	289.9956524663526807	289.4023212250797314	289.0233892456109288	288.5607314291196417	288.2014401561517616	287.8909775900161776	287.5337912139902983	287.1310806917858258	286.6450492896320839	286.0125153835565470	285.4829343104323129	285.0602806795346851	284.4835104891190554	284.2759857884154258	283.6488931416457717	283.5625024095229492	282.9811570939272087	282.5528263693706776	282.1457434036110499	281.4212533005933210	281.0451197085105832	280.4618302237596481	280.0989755462072139	279.6784643035662157	279.3093970807939286	279.0146659139409735	278.6778786698630483	278.0849116441664819	277.6721783514085473	277.0247265914763375	276.5489144979955540	276.1369278405198884	275.5655148789736586	275.4229794213625837	274.7526559957150312	274.6677457281315355	274.1111878706456082	273.5260159171095893	273.1747678462849080	272.4445471545334385	272.0988423469544841	271.5414693399920907	271.1818835319907066	270.8186856254636723	270.4253082445268888	270.1129939124748489	269.8320114978550919	269.0579365759993493	268.6897122032692096	268.0619454168145239	267.6123047958027996	267.2422415967134839	266.6492280260823122	266.5185256010836952	265.8599156282973581	265.7140800860186118	265.2444849422225275	264.5115561186580635	264.2042932306799230	263.4852216435322134	263.1564743717108286	262.6420663532418871	262.2715032490527278	261.9809317442481529	261.5494494512680603	261.1594599206761700	260.8161513904919957	260.0547429108034407	259.7147248601783645	258.9447377425729542	258.6725033821551278	258.0618403077871790	257.7330094799457925	257.3705794737959422	256.9689178390647726	256.6576988345955215	256.1547960279294784	255.5104970855803685	255.2307390746690885	254.5443330246341986	254.2173784534058143	253.7639152365915436	253.3673689034238805	253.0725379464805940	252.6812548609840974	252.1120512200294854	251.8184602397110439	251.0148063698836438	250.7455816284135892	249.9942855440699532	249.7228945653017433	249.1663382381475458	248.8136564751881963	248.5264897571301503	248.0779641580185455	247.6073495964113818	247.2415540324582253	246.5232712571293519	246.2499147139542401	245.6224052255795698	245.2780464272694019	244.9053800125882390	244.4667880145012475	244.1482357939419501	243.4811552211523633	243.0841808221985900	242.5928417666611097	242.0093171969510593	241.7806196385653834	241.0505824663988221	240.7536497034648448	240.2804989034486027	239.8904614659129209	239.6671061058179077	239.1300154612919755	238.5620543030477450	238.3097017182562922	237.5493755211561790	237.2518956714336014	236.7176309174968480	236.3367042348311600	236.0630312904651475	235.4851287946404454	235.1331448763038168	234.4964128881282193	234.0567089951918547	233.7217866690552626	232.9945095162780433	232.8173644487403351	232.1138182161716657	232.0058373222947523	231.4125788558713452	231.0536108543082889	230.6090858991518076	230.2308074341548547	229.5119197078580839	229.3216654420709517	228.5879246229528974	228.4722055582196276	227.8361491993738639	227.7614310247965648	227.1731801527025993	226.8536906877076262	226.0459810441898298	225.8428747166313144	225.0879623378941972	224.9643474921909672	224.2958114382859094	224.2958114382859094	223.8526167566658103	223.4596273833955706	223.4282915755944146	223.4282915755944146	223.4282915755944146	223.4282915755944146	223.4282915755944146	223.4282915755944146	223.4282915755944146	223.4282915755944146	223.4282915755944146	223.4282915755944146	223.4282915755944146	223.4282915755944146	223.4282915755944146	223.4282915755944146	223.4282915755944146	223.4282915755944146	223.4282915755944146	223.4282915755944146	223.4282915755944146	223.4282915755944146	223.4282915755944146	223.4282915755944146	223.4282915755944146	223.4282915755944146	223.4282915755944146	223.4282915755944146	223.4282915755944146	223.4282915755944146	223.4282915755944146	223.4282915755944146	223.4282915755944146	223.4282915755944146	223.4282915755944146	223.4282915755944146	223.4282915755944146	223.4282915755944146
Speedups              :	  0.0000000000000000	  0.4186800172227549	  0.4106687130793603	  0.3959284164813539	  0.3726122016021236	  0.3912343742188796	  0.4298750642992104	  0.4442448603193644	  0.4599979617829035	  0.4583072226325966	  0.4627112145983688	  0.4550112512586679	  0.4514575829253194	  0.4421035801157219	  0.4319723891714854	  0.4241593084722050	  0.4351918053023134	  0.4404993363582267	  0.4461299432357969	  0.4462697731638298	  0.4471453129550298	  0.4447182989497378	  0.4408544667043424	  0.4375699309354252	  0.4324606691663035	  0.4371276991884088	  0.4460752616267970	  0.4469703949090044	  0.4520182683487803	  0.4504649470047478	  0.4517743979049669	  0.4488976144791705	  0.4463916293916874	  0.4430636976199394	  0.4374813931993110	  0.4389242907627411	  0.4442858730047400	  0.4449224694909494	  0.4475523932099643	  0.4467416400964864	  0.4464413348766200	  0.4450133561745951	  0.4418150790868110	  0.4401191059234993	  0.4415028126411910	  0.4422558901711985	  0.4479280091459926	  0.4472960071121982	  0.4503384078238805	  0.4488811337758177	  0.4491566674301271	  0.4473946008720438	  0.4447612925117272	  0.4431089355969000	  0.4423608168303735	  0.4431548274726166	  0.4465365967333830	  0.4479935173718190	  0.4475566227774364	  0.4497466832458804	  0.4457096502035095	  0.4486831419504955	  0.4428397159855330	  0.4450382175666474	  0.4447771629883643	  0.4441972522617684	  0.4484441136368587	  0.4473648521211255	  0.4493637437774463	  0.4481099891944751	  0.4477157213865683	  0.4466079960539728	  0.4444985956484031	  0.4430230976816842	  0.4450493669791826	  0.4446184859895660	  0.4472873448572323	  0.4476577961380577	  0.4472004738475142	  0.4487727838183840	  0.4449448172407927	  0.4477272691964316	  0.4433026716157861	  0.4446671919274746	  0.4463398676609096	  0.4452211406393069	  0.4485350889080530	  0.4473531316513967	  0.4486033575072035	  0.4476031603217448	  0.4466653241684703	  0.4460797423747155	  0.4446257705233820	  0.4428661645459237	  0.4463896619641133	  0.4455668694458609	  0.4474647852480362	  0.4474872165445690	  0.4466971755501277	  0.4481751189347847	  0.4450003919954230	  0.4471153383398875	  0.4441616148490920	  0.4444085423145968	  0.4471827757881532	  0.4458502054280578	  0.4484277656329602	  0.4473092563450016	  0.4479305411794825	  0.4472207481795712	  0.4457966641488895	  0.4456677058500715	  0.4451705792852663	  0.4442691452224248	  0.4470510692089698	  0.4461203473082403	  0.4489123022245952	  0.4474022343459049	  0.4487858007867696	  0.4477777758040353	  0.4470665443902505	  0.4466912972029853	  0.4455808685740203	  0.4460469005910286	  0.4476457073794002	  0.4463026058076552	  0.4482081886983476	  0.4472534358048833	  0.4473019497190192	  0.4469084953271482	  0.4457386681088108	  0.4453229766384877	  0.4462614665196705	  0.4451135681271801	  0.4477892420204653	  0.4464665420163882	  0.4487079357099709	  0.4474136513527318	  0.4482045403078149	  0.4475173260822863	  0.4463719645963989	  0.4463872386000529	  0.4465578535508071	  0.4459930822948795	  0.4478839829409489	  0.4466803454253224	  0.4479189011989481	  0.4472144107031061	  0.4467107080272821	  0.4466562200411057	  0.4458021933778936	  0.4472676131090969	  0.4469367367001803	  0.4472269479344110	  0.4481119974264606	  0.4466964204003910	  0.4485127072706870	  0.4475472299182239	  0.4477092778302367	  0.4473465618535413	  0.4459466168425505	  0.4465127288157393	  0.4472624104788781	  0.4460666446771148	  0.4479828614601818	  0.4470707219951054	  0.4475959872477659	  0.4471967698550589	  0.4461638899414336	  0.4469434083194411	  0.4463848230842481	  0.4474979644005718	  0.4474526500315938	  0.4468021857316227	  0.4484141108295859	  0.4468640020107752	  0.4483224237753087	  0.4463995902730579	  0.4472246401390711	  0.4467315862922777	  0.4467193272304121	  0.4463412009197301	  0.4478387093009226	  0.4464311440358199	  0.4479926096612669	  0.4461965364454398	  0.4472172881787749	  0.4452253143092483	  0.4459860885527840	  0.4453167942482453	  0.4472241250338745	  0.4459460213821711	  0.4475552211600615	  0.4458767736188343	  0.4470245018677324	  0.4447320685248209	  0.4447242247140826	  0.4444616112549768	  0.4423751172981393	  0.4401521267589527	  0.4379513661251579	  0.4357725036071223	  0.4336152139853048	  0.4314791784484314	  0.4293640844364293	  0.4272696254879589	  0.4251955010923863	  0.4231414165460463	  0.4211070828126519	  0.4190922163877109	  0.4170965391668170	  0.4151197783176852	  0.4131616661558093	  0.4112219400236224	  0.4093003421730448	  0.4073966196513097	  0.4055105241899610	  0.4036418120969197	  0.4017902441515210	  0.3999555855024273	  0.3981376055683254	  0.3963360779413194	  0.3945507802929351	  0.3927814942826529	  0.3910280054688910	  0.3892901032223626	  0.3875675806417326	  0.3858602344715047	  0.3841678650220683	  0.3824902760918409	  0.3808272748914416	  0.3791786719698337	  0.3775442811423775	  0.3759239194207364
Memory                :	110.0873097956681903	101.7980629663593248	110.2536246568945728	101.9639516057867183	110.4183569420230526	 97.9682559055159174	107.4086704108756294	 99.8413681836982221	109.2735572316576338	101.7127538844883503	110.8681910377430171	102.5694556899781702	111.0317311620377723	102.7315893560539735	111.1937408528293503	107.4281615162774983	116.8434714053022958	109.3009951343977235	118.7094983926581619	111.1678072253889979	119.9166881968579474	111.7438514403471004	120.0811470328909252	111.9079412011077039	115.9745892439335506	108.2996559819308402	117.8444183520242774	110.1715905856453901	119.7080058777723366	112.0416344236500237	120.7535109962551161	112.5790626214924401	120.9153352777205583	112.7395288695803544	104.4327232264098342	117.8109268067388342	127.3239052142987475	119.6783748164268104	129.1886563498008229	121.5273266163982555	129.7444123957886859	121.6912701804791936	113.5176868618972605	121.8537930339708879	126.4043259461842581	118.6287053525513073	128.2731591976644552	120.4957118346619751	130.1401084167111719	122.3646141449851115	130.6372422398083586	122.5860582271433827	130.7975869445985779	122.7451042520626316	135.9378764061540039	119.3423616077415801	137.8033793458903062	121.2138985661677566	139.4087973177661581	123.0830004150918313	139.5714764708788209	123.5197020220184640	123.5933552154774446	123.6787692197137005	136.8353669931834418	128.9528370051719435	138.6988726549733144	130.8191522895114076	140.3555481394187439	132.4324863485920218	140.5203255001277114	132.5915445990807484	124.5647543310329866	132.7534156194732020	146.4115939593108067	138.5678907886748163	148.2760701089532063	131.4835361018223239	149.2325529485690367	133.3518524992437335	149.3939356077642060	133.5939853836968609	133.6675119170495236	133.7518918824610807	147.2635181516405396	139.2827769567747964	149.1261720524657619	141.1485865024998532	150.2399690700726183	142.4384898324889264	150.4034916701961606	142.6004455285932124	134.7117839069468630	142.7571496322070175	156.8922891415332685	148.9534932312498654	158.7557495410865442	141.7715714610532132	159.0616476460689341	143.5095273176339106	143.5795841120492753	143.6675576734891990	155.8345576402305710	143.8244423552704632	157.6993489713789245	149.6241413833608362	159.5611177942908228	151.4935927355706156	160.1249188887431387	152.4484560240256599	160.2873192494055843	152.6093266825523358	165.5159508747612449	183.6050301903878221	167.3765295435784139	159.3511225821207233	160.2882716251592115	152.0829580308221978	161.2327608774840542	153.5879070326835745	161.3922887424152179	153.7449159694124035	166.2875425226022230	184.6892777422231120	168.1520341563154659	159.9970877929707456	169.8530227530101513	161.8622161628934464	170.0108866481279222	162.4588191972242441	154.8519137053489487	162.6187172902740201	176.0182584722100216	167.9133100921071104	168.8521585827190279	169.7810332615831328	170.7174897588022304	162.4551894864953852	171.1808072358919048	163.6705667134544910	171.3436429637632443	163.8268671106045531	176.7731406864085386	194.3660559267628969	178.6374395250813620	170.4310865049145889	179.7413788814157272	172.2960088068797120	179.9027610596117768	172.4783853083984866	165.0915503514219438	194.5584584512697859	186.5536316046381842	195.5347067019352778	179.3433596799076213	180.2723724659740299	180.9759385218947045	173.0129518315049779	181.1389852713364235	173.8491507904790012	194.4759483319805895	203.8829195348893677	187.3160056338642221	188.2426838211774793	189.1798352660558749	181.0493167979274745	189.6405824795929789	182.4082632905097796	189.8059584208425292	203.3290460131445627	195.2872158393597886	205.1050551682059790	188.1454147583880570	205.2665472216144167	190.0196124450634443	190.8995012755809739	191.0231599729937102	191.1635340874221072	191.3597937049469522	213.1045301503032192	196.1725642394017655	213.5660560023265191	198.0471452182988514	198.9758703532452273	199.4491583945414277	199.5730539383192195	199.7417261428246604	199.9671835678345246	204.1926203122281152	205.1299470512728647	206.0714833123209075	207.0028369863072442	207.8155075571329462	207.9279083377070947	208.0815229908351114	208.0815229908351114	206.8641861446542976	207.8641861446542976	208.8649599151426060	208.8649599151426060	208.8649599151426060	208.8649599151426060	208.8649599151426060	208.8649599151426060	208.8649599151426060	208.8649599151426060	208.8649599151426060	208.8649599151426060	208.8649599151426060	208.8649599151426060	208.8649599151426060	208.8649599151426060	208.8649599151426060	208.8649599151426060	208.8649599151426060	208.8649599151426060	208.8649599151426060	208.8649599151426060	208.8649599151426060	208.8649599151426060	208.8649599151426060	208.8649599151426060	208.8649599151426060	208.8649599151426060	208.8649599151426060	208.8649599151426060	208.8649599151426060	208.8649599151426060	208.8649599151426060	208.8649599151426060	208.8649599151426060	208.8649599151426060	208.8649599151426060	208.8649599151426060
p                     :	                  22	                  20	                  22	                  20	                  22	                  19	                  21	                  19	                  21	                  19	                  21	                  19	                  21	                  19	                  21	                  20	                  22	                  20	                  22	                  20	                  22	                  20	                  22	                  20	                  21	                  19	                  21	                  19	                  21	                  19	                  21	                  19	                  21	                  19	                  17	                  20	                  22	                  20	                  22	                  20	                  22	                  20	                  18	                  20	                  21	                  19	                  21	                  19	                  21	                  19	                  21	                  19	                  21	                  19	                  22	                  18	                  22	                  18	                  22	                  18	                  22	                  18	                  18	                  18	                  21	                  19	                  21	                  19	                  21	                  19	                  21	                  19	                  17	                  19	                  22	                  20	                  22	                  18	                  22	                  18	                  22	                  18	                  18	                  18	                  21	                  19	                  21	                  19	                  21	                  19	                  21	                  19	                  17	                  19	                  22	                  20	                  22	                  18	                  22	                  18	                  18	                  18	                  21	                  18	                  21	                  19	                  21	                  19	                  21	                  19	                  21	                  19	                  22	                  26	                  22	                  20	                  20	                  18	                  20	                  18	                  20	                  18	                  21	                  25	                  21	                  19	                  21	                  19	                  21	                  19	                  17	                  19	                  22	                  20	                  20	                  20	                  20	                  18	                  20	                  18	                  20	                  18	                  21	                  25	                  21	                  19	                  21	                  19	                  21	                  19	                  17	                  24	                  22	                  24	                  20	                  20	                  20	                  18	                  20	                  18	                  23	                  25	                  21	                  21	                  21	                  19	                  21	                  19	                  21	                  24	                  22	                  24	                  20	                  24	                  20	                  20	                  20	                  20	                  20	                  25	                  21	                  25	                  21	                  21	                  21	                  21	                  21	                  21	                  22	                  22	                  22	                  22	                  22	                  22	                  22	                  22	                  21	                  21	                  21	                  21	                  21	                  21	                  21	                  21	                  21	                  21	                  21	                  21	                  21	                  21	                  21	                  21	                  21	                  21	                  21	                  21	                  21	                  21	                  21	                  21	                  21	                  21	                  21	                  21	                  21	                  21	                  21	                  21	                  21	                  21	                  21	                  21	                  21	                  21
l                     :	                 105	                  97	                 106	                  98	                 107	                  95	                 104	                  96	                 105	                  97	                 106	                  98	                 107	                  99	                 108	                 104	                 113	                 105	                 114	                 106	                 115	                 107	                 116	                 108	                 113	                 105	                 114	                 106	                 115	                 107	                 116	                 108	                 117	                 109	                 101	                 114	                 123	                 115	                 124	                 116	                 125	                 117	                 109	                 118	                 123	                 115	                 124	                 116	                 125	                 117	                 126	                 118	                 127	                 119	                 132	                 116	                 133	                 117	                 134	                 118	                 135	                 119	                 119	                 120	                 133	                 125	                 134	                 126	                 135	                 127	                 136	                 128	                 120	                 129	                 142	                 134	                 143	                 127	                 144	                 128	                 145	                 129	                 129	                 130	                 143	                 135	                 144	                 136	                 145	                 137	                 146	                 138	                 130	                 139	                 152	                 144	                 153	                 137	                 154	                 138	                 138	                 139	                 152	                 140	                 153	                 145	                 154	                 146	                 155	                 147	                 156	                 148	                 161	                 178	                 162	                 154	                 155	                 147	                 156	                 148	                 157	                 149	                 162	                 179	                 163	                 155	                 164	                 156	                 165	                 157	                 149	                 158	                 171	                 163	                 164	                 164	                 165	                 157	                 166	                 158	                 167	                 159	                 172	                 189	                 173	                 165	                 174	                 166	                 175	                 167	                 159	                 189	                 181	                 190	                 174	                 174	                 175	                 167	                 176	                 168	                 189	                 198	                 182	                 182	                 183	                 175	                 184	                 176	                 185	                 198	                 190	                 199	                 183	                 200	                 184	                 184	                 185	                 185	                 186	                 207	                 191	                 208	                 192	                 192	                 193	                 193	                 194	                 194	                 199	                 199	                 200	                 200	                 201	                 201	                 202	                 202	                 199	                 199	                 200	                 200	                 200	                 200	                 200	                 200	                 200	                 200	                 200	                 200	                 200	                 200	                 200	                 200	                 200	                 200	                 200	                 200	                 200	                 200	                 200	                 200	                 200	                 200	                 200	                 200	                 200	                 200	                 200	                 200	                 200	                 200	                 200	                 200	                 200	                 200
r                     :	  0.5000000000000000	  0.4974335651211625	  0.4952709288266479	  0.4923008639463864	  0.4905420665033786	  0.4865888070213388	  0.4852351244260444	  0.4812247155827122	  0.4803139124365552	  0.4758608308252850	  0.4753928961383432	  0.4704971435334913	  0.4704720689493035	  0.4651336444395009	  0.4655514242525607	  0.4615089725142810	  0.4621729650082053	  0.4563776373084588	  0.4574454074833019	  0.4512464658403777	  0.4527180135799238	  0.4461154500655309	  0.4479907774757592	  0.4409845818485311	  0.4409507031594336	  0.4329560731965936	  0.4360310115385405	  0.4275936248669692	  0.4311114544597948	  0.4222312871292330	  0.4261920247404455	  0.4168690496368397	  0.4212727150876462	  0.4115069018484475	  0.3996330278743846	  0.4102020014619553	  0.4149040401026645	  0.4050719283807133	  0.4101778483533816	  0.3999419331309472	  0.4054517585407415	  0.3948120062246874	  0.3819974240195750	  0.3896821379545397	  0.3917589538030622	  0.3793352794395027	  0.3868402690525115	  0.3739734441667295	  0.3819216408200016	  0.3686116049726251	  0.3770030603373699	  0.3632497486658181	  0.3720845186050734	  0.3578878616389805	  0.3723714004862574	  0.3454794314729406	  0.3676458712680108	  0.3398607652450537	  0.3629203776857937	  0.3342419642881508	  0.3581949114064614	  0.3286230088984387	  0.3258115508327546	  0.3230038785567639	  0.3425735452107932	  0.3257150719720499	  0.3376550001208143	  0.3203525471338884	  0.3327364115183971	  0.3149898636740708	  0.3278177675324672	  0.3096270026033781	  0.2874549635573372	  0.3042639440965743	  0.3251166573923738	  0.3076031544214865	  0.3203910772259256	  0.2836631414627219	  0.3156654364935759	  0.2780417518412210	  0.3109397236407007	  0.2724199536670817	  0.2696063586012227	  0.2667977137767080	  0.2933846129593038	  0.2720802143971074	  0.2884650398995623	  0.2667151338976230	  0.2835452811520190	  0.2613496584722250	  0.2786253189111805	  0.2559837571697758	  0.2283605207421140	  0.2506173972463829	  0.2778566421312340	  0.2562860667205968	  0.2731298760523380	  0.2274264345703164	  0.2684029097488191	  0.2217991983791655	  0.2189821766191039	  0.2161711118271845	  0.2491001599852052	  0.2105421124442114	  0.2441781950064910	  0.2184075043331780	  0.2392558475829571	  0.2130368294325272	  0.2343330894845913	  0.2076653467145044	  0.2294098908080554	  0.2022929977737431	  0.2353069386580883	  0.2686081399400994	  0.2305776532585399	  0.2049294946073556	  0.2023633323446475	  0.1711071625925968	  0.1972238370612710	  0.1654679103191686	  0.1920834881609393	  0.1598268877195876	  0.1998595214517540	  0.2395295682107329	  0.1949322263182720	  0.1646563251500550	  0.1900041700463711	  0.1592742903454244	  0.1850752988174471	  0.1538905888081764	  0.1157224103281598	  0.1485050850913125	  0.1879924267104987	  0.1586418637870486	  0.1560713038494171	  0.1534927047283201	  0.1509214297448901	  0.1146136173482354	  0.1457699174441535	  0.1089476574004833	  0.1406166335885658	  0.1032773803246862	  0.1505448637295871	  0.1971576713313055	  0.1456069262862607	  0.1107411093401755	  0.1406674332582523	  0.1053340413142204	  0.1357262589509553	  0.0999229458797974	  0.0558428515152729	  0.1687789662775022	  0.1406019253276238	  0.1643840300278910	  0.1044792335321257	  0.1018879920298610	  0.0993047050481760	  0.0576776536727554	  0.0941261960351261	  0.0519305096454062	  0.1358719899594962	  0.1589862480457135	  0.1010770263747484	  0.0985923226919627	  0.0961157513718666	  0.0564139402181311	  0.0911507211066934	  0.0509318871600858	  0.0861815151863477	  0.1291903835475350	  0.0978197854668425	  0.1247857595083736	  0.0577151018902679	  0.1203796055579929	  0.0524790186718313	  0.0498510139788480	  0.0472295427132919	  0.0445937699834215	  0.0419638773196381	  0.1207500921078234	  0.0562436733758409	  0.1164955137106806	  0.0512246655280218	  0.0487054920447727	  0.0461931902097066	  0.0436667979317196	  0.0411466888232445	  0.0386114892585168	  0.0547500590507229	  0.0523358344542724	  0.0499291558637338	  0.0475092721706161	  0.0450965539887855	  0.0426699056545609	  0.0402498856843948	  0.0402498856843948	  0.0154976258388694	  0.0128507319667491	  0.0101849999997821	  0.0101849999997821	  0.0101849999997821	  0.0101849999997821	  0.0101849999997821	  0.0101849999997821	  0.0101849999997821	  0.0101849999997821	  0.0101849999997821	  0.0101849999997821	  0.0101849999997821	  0.0101849999997821	  0.0101849999997821	  0.0101849999997821	  0.0101849999997821	  0.0101849999997821	  0.0101849999997821	  0.0101849999997821	  0.0101849999997821	  0.0101849999997821	  0.0101849999997821	  0.0101849999997821	  0.0101849999997821	  0.0101849999997821	  0.0101849999997821	  0.0101849999997821	  0.0101849999997821	  0.0101849999997821	  0.0101849999997821	  0.0101849999997821	  0.0101849999997821	  0.0101849999997821	  0.0101849999997821	  0.0101849999997821	  0.0101849999997821	  0.0101849999997821

MMT-DOOM
--------
log2 # Instances      :	                   0	                   1	                   2	                   3	                   4	                   5	                   6	                   7	                   8	                   9	                  10	                  11	                  12	                  13	                  14	                  15	                  16	                  17	                  18	                  19	                  20	                  21	                  22	                  23	                  24	                  25	                  26	                  27	                  28	                  29	                  30	                  31	                  32	                  33	                  34	                  35	                  36	                  37	                  38	                  39	                  40	                  41	                  42	                  43	                  44	                  45	                  46	                  47	                  48	                  49	                  50	                  51	                  52	                  53	                  54	                  55	                  56	                  57	                  58	                  59	                  60	                  61	                  62	                  63	                  64	                  65	                  66	                  67	                  68	                  69	                  70	                  71	                  72	                  73	                  74	                  75	                  76	                  77	                  78	                  79	                  80	                  81	                  82	                  83	                  84	                  85	                  86	                  87	                  88	                  89	                  90	                  91	                  92	                  93	                  94	                  95	                  96	                  97	                  98	                  99	                 100	                 101	                 102	                 103	                 104	                 105	                 106	                 107	                 108	                 109	                 110	                 111	                 112	                 113	                 114	                 115	                 116	                 117	                 118	                 119	                 120	                 121	                 122	                 123	                 124	                 125	                 126	                 127	                 128	                 129	                 130	                 131	                 132	                 133	                 134	                 135	                 136	                 137	                 138	                 139	                 140	                 141	                 142	                 143	                 144	                 145	                 146	                 147	                 148	                 149	                 150	                 151	                 152	                 153	                 154	                 155	                 156	                 157	                 158	                 159	                 160	                 161	                 162	                 163	                 164	                 165	                 166	                 167	                 168	                 169	                 170	                 171	                 172	                 173	                 174	                 175	                 176	                 177	                 178	                 179	                 180	                 181	                 182	                 183	                 184	                 185	                 186	                 187	                 188	                 189	                 190	                 191	                 192	                 193	                 194	                 195	                 196	                 197	                 198	                 199	                 200	                 201	                 202	                 203	                 204	                 205	                 206	                 207	                 208	                 209	                 210	                 211	                 212	                 213	                 214	                 215	                 216	                 217	                 218	                 219	                 220	                 221	                 222	                 223	                 224	                 225	                 226	                 227	                 228	                 229	                 230	                 231	                 232	                 233
log2 # syndromes used :	  0.0000000000000000	  1.0000000000000000	  2.0000000000000000	  3.0000000000000000	  3.0000000000000000	  5.0000000000000000	  6.0000000000000000	  7.0000000000000000	  8.0000000000000000	  9.0000000000000000	 10.0000000000000000	 11.0000000000000000	 12.0000000000000000	 13.0000000000000000	 14.0000000000000000	 15.0000000000000000	 16.0000000000000000	 17.0000000000000000	 18.0000000000000000	 19.0000000000000000	 20.0000000000000000	 21.0000000000000000	 22.0000000000000000	 23.0000000000000000	 24.0000000000000000	 25.0000000000000000	 26.0000000000000000	 26.0000000000000000	 28.0000000000000000	 29.0000000000000000	 30.0000000000000000	 31.0000000000000000	 32.0000000000000000	 33.0000000000000000	 34.0000000000000000	 35.0000000000000000	 36.0000000000000000	 37.0000000000000000	 38.0000000000000000	 39.0000000000000000	 40.0000000000000000	 41.0000000000000000	 42.0000000000000000	 43.0000000000000000	 44.0000000000000000	 45.0000000000000000	 46.0000000000000000	 47.0000000000000000	 48.0000000000000000	 49.0000000000000000	 50.0000000000000000	 51.0000000000000000	 52.0000000000000000	 53.0000000000000000	 54.0000000000000000	 55.0000000000000000	 56.0000000000000000	 57.0000000000000000	 58.0000000000000000	 59.0000000000000000	 60.0000000000000000	 61.0000000000000000	 62.0000000000000000	 63.0000000000000000	 64.0000000000000000	 65.0000000000000000	 66.0000000000000000	 67.0000000000000000	 68.0000000000000000	 69.0000000000000000	 70.0000000000000000	 71.0000000000000000	 72.0000000000000000	 73.0000000000000000	 74.0000000000000000	 75.0000000000000000	 76.0000000000000000	 77.0000000000000000	 78.0000000000000000	 79.0000000000000000	 80.0000000000000000	 80.4205754975877909	 80.4205754975877909	 83.0000000000000000	 84.0000000000000000	 85.0000000000000000	 86.0000000000000000	 87.0000000000000000	 88.0000000000000000	 89.0000000000000000	 90.0000000000000000	 91.0000000000000000	 92.0000000000000000	 93.0000000000000000	 94.0000000000000000	 95.0000000000000000	 96.0000000000000000	 97.0000000000000000	 97.0000000000000000	 99.0000000000000000	100.0000000000000000	101.0000000000000000	102.0000000000000000	103.0000000000000000	103.5591366631588102	103.5591366631588102	103.5591366631588102	107.0000000000000000	108.0000000000000000	109.0000000000000000	109.0000000000000000	111.0000000000000000	112.0000000000000000	113.0000000000000000	114.0000000000000000	114.3636862739283941	115.1195820242290040	117.0000000000000000	118.0000000000000000	118.0000000000000000	118.0000000000000000	120.4979672427933082	120.4979672427933082	123.0000000000000000	124.0000000000000000	125.0000000000000000	125.8194936357875235	125.8194936357875235	125.8194936357875235	129.0000000000000000	129.0000000000000000	131.0000000000000000	131.8022259188610121	131.8022259188610121	131.8022259188610121	131.8022259188610121	136.0000000000000000	137.0000000000000000	137.0530049963498129	137.0530049963498129	137.0530049963498129	137.0530049963498129	142.0000000000000000	143.0000000000000000	144.0000000000000000	145.0000000000000000	145.0000000000000000	145.0000000000000000	147.3609674232938289	147.3609674232938289	147.3609674232938289	147.3609674232938289	147.3609674232938289	153.0000000000000000	153.0000000000000000	155.0000000000000000	155.0000000000000000	157.0000000000000000	158.0000000000000000	158.2926043256294690	158.2926043256294690	158.2926043256294690	158.2926043256294690	158.2926043256294690	163.3298672808680578	163.3298672808680578	163.3298672808680578	163.3298672808680578	168.0000000000000000	169.0000000000000000	169.0605040406524608	169.0605040406524608	169.0605040406524608	169.0605040406524608	169.0605040406524608	174.0699078427539916	174.0699078427539916	174.0699078427539916	174.0699078427539916	178.9945240132745994	179.0029135073627629	179.0029135073627629	179.0029135073627629	179.0029135073627629	179.0029135073627629	184.6721060924811013	184.6721060924811013	184.6721060924811013	184.6721060924811013	184.6721060924811013	189.5828725930551855	189.5828725930551855	189.5828725930551855	189.5828725930551855	189.5828725930551855	189.5828725930551855	189.5828725930551855	189.5828725930551855	189.5828725930551855	189.5828725930551855	189.5828725930551855	189.5828725930551855	189.5828725930551855	189.5828725930551855	189.5828725930551855	189.5828725930551855	189.5828725930551855	189.5828725930551855	189.5828725930551855	189.5828725930551855	189.5828725930551855	189.5828725930551855	189.5828725930551855	189.5828725930551855	189.5828725930551855	189.5828725930551855	189.5828725930551855	189.5828725930551855	189.5828725930551855	189.5828725930551855	189.5828725930551855	189.5828725930551855	189.5828725930551855	189.5828725930551855	189.5828725930551855	189.5828725930551855	189.5828725930551855	189.5828725930551855	189.5828725930551855	189.5828725930551855	189.5828725930551855	189.5828725930551855	189.5828725930551855	189.5828725930551855
Runtime               :	297.0645799392187882	295.7737238080097768	295.6144202298436312	295.5527263918467042	295.5527263918467042	294.9470670601662619	294.2141575411272925	294.0418164544694264	293.6364907689048209	293.0109054239754869	292.6120571761038036	292.4065039539023019	292.3329734497042409	292.1112963984335238	291.6197013453406726	290.7646857044380226	290.0874835515396057	289.5604480025652947	289.2418595247125950	289.0016090492780449	288.8735181680885375	288.8155636880991892	288.0688965042364771	287.2815437403503438	286.5876661259389380	286.0266632117545669	285.8662970903123437	285.8662970903123437	285.7619476669929099	285.6876307340028234	284.9906097693278753	284.2467785595682699	283.8684506478716685	283.2290326391085955	282.7166633128539388	282.3270203377087455	282.0783184117420888	282.0325787077372865	281.5336533428384200	280.9601677439022751	280.2019535112346489	279.5503623377762210	279.0185320233898096	278.5817537895247824	278.1616030528392685	277.9182269502745157	277.8038272094346439	277.5328680018694740	276.7169012157215775	275.9628598574515763	275.5324840270631057	274.9128675837296214	274.4559397478238338	274.1854488644379444	273.9781132850798713	273.8614085370160183	273.4491615275723007	273.1559767259656155	272.5197121886461673	271.9171149221538144	271.4919355746921497	271.1116853744948685	270.7142064122165266	270.3793880055776526	270.1734861732078912	269.3363494221431438	268.7734160006849606	268.1823970855530206	267.7239742199038801	267.3354909040056668	267.0734880312444943	266.9147230094299630	266.5427422623919824	265.7786765573406456	265.0710911332613477	264.4559537391429558	263.9006943125385760	263.4649937315718944	263.1814467796977510	262.9521692200830785	262.5811582660811041	262.1718183589654814	262.1718183589654814	261.5277460561618454	261.1069092704023547	260.3838878489511899	259.7418884493566793	259.0959627391197273	258.6700165176090422	258.3713187962692928	258.1757392469748993	257.8398676242770762	257.3598929045510317	256.8066551433320228	255.7400066798388707	255.1826575981240808	254.8526400489365926	254.7711178474297924	254.7711178474297924	254.1502072218569594	253.6190276777403199	252.6846988834435024	252.5102144658534371	252.0640253846628411	250.6145365621081282	250.6145365621081282	250.6145365621081282	250.2495391417335497	249.8018525142381918	249.0237378269463306	249.0237378269463306	248.4866663138392937	248.3088820489954003	248.2707708942315605	248.2495611849572583	246.9689653471978659	246.6087379701079385	246.2865274702561180	244.7801590063310755	244.7801590063310755	244.7801590063310755	243.7538271821002240	243.7538271821002240	243.4451355403078594	242.8786155268475966	242.4339350051173767	240.9789824808778747	240.9789824808778747	240.9789824808778747	239.9637073351252639	239.9637073351252639	239.1603723383207978	237.8825291918705602	237.8825291918705602	237.8825291918705602	237.8825291918705602	237.6264206638413725	236.8328578478004545	236.2167665409198776	236.2167665409198776	236.2167665409198776	236.2167665409198776	236.1641861032420877	235.2680927931994290	234.4496724059267763	234.3962173553229889	234.3962173553229889	234.3962173553229889	232.1312902112283325	232.1312902112283325	232.1312902112283325	232.1312902112283325	232.1312902112283325	232.0911327520731788	232.0911327520731788	231.9147964782400493	231.9147964782400493	231.3151338431082422	230.3321727271858208	228.7984282918698398	228.7984282918698398	228.7984282918698398	228.7984282918698398	228.7984282918698398	228.0628983198058393	228.0628983198058393	228.0628983198058393	228.0628983198058393	228.0410725826006342	227.1655739618780672	225.4952105192689942	225.4952105192689942	225.4952105192689942	225.4952105192689942	225.4952105192689942	224.1779728904136562	224.1779728904136562	224.1779728904136562	224.1779728904136562	223.3792833715467339	223.3004972479550929	223.3004972479550929	223.3004972479550929	223.3004972479550929	223.3004972479550929	222.0340230247774969	222.0340230247774969	222.0340230247774969	222.0340230247774969	222.0340230247774969	221.9733333386322158	221.9733333386322158	221.9733333386322158	221.9733333386322158	221.9733333386322158	221.9733333386322158	221.9733333386322158	221.9733333386322158	221.9733333386322158	221.9733333386322158	221.9733333386322158	221.9733333386322158	221.9733333386322158	221.9733333386322158	221.9733333386322158	221.9733333386322158	221.9733333386322158	221.9733333386322158	221.9733333386322158	221.9733333386322158	221.9733333386322158	221.9733333386322158	221.9733333386322158	221.9733333386322158	221.9733333386322158	221.9733333386322158	221.9733333386322158	221.9733333386322158	221.9733333386322158	221.9733333386322158	221.9733333386322158	221.9733333386322158	221.9733333386322158	221.9733333386322158	221.9733333386322158	221.9733333386322158	221.9733333386322158	221.9733333386322158	221.9733333386322158	221.9733333386322158	221.9733333386322158	221.9733333386322158	221.9733333386322158	221.9733333386322158
Speedups              :	  0.0000000000000000	  1.2908561312090114	  0.7250798546875785	  0.5039511824573614	  0.3779633868430210	  0.4235025758105053	  0.4750703996819159	  0.4318233549641946	  0.4285111462892459	  0.4504082794714779	  0.4452522763114984	  0.4234614532105896	  0.3943005407928790	  0.3810218108296357	  0.3889198995627225	  0.4199929489853844	  0.4360685242299489	  0.4414195256854996	  0.4345955785836774	  0.4243668889442496	  0.4095530885565125	  0.3928102976723619	  0.4088947015901050	  0.4253493999508020	  0.4365380755533271	  0.4415166690985688	  0.4307031864964017	  0.4147512166261646	  0.4036654382937814	  0.3923085932833091	  0.4024656723296971	  0.4134774638596941	  0.4123790403545975	  0.4192590090942483	  0.4219975478342603	  0.4210731314717155	  0.4162850424299083	  0.4062703035535541	  0.4087085946415887	  0.4129336460337568	  0.4215656606996035	  0.4271760390595748	  0.4296678075197376	  0.4298331662719536	  0.4296131110540800	  0.4254745108654283	  0.4187120158648727	  0.4155683390925386	  0.4239099734061919	  0.4306473486074941	  0.4306419182431137	  0.4343473010880229	  0.4347815421422107	  0.4316817183920914	  0.4275271602618318	  0.4218758436764140	  0.4217039002079730	  0.4194491791798802	  0.4231873750098728	  0.4262282206282199	  0.4262107394087773	  0.4254572879462938	  0.4250060246290687	  0.4235744751371609	  0.4201733400939203	  0.4265881618011638	  0.4286539990686943	  0.4310773560248622	  0.4314794958722781	  0.4308563628291757	  0.4284441701139185	  0.4246458722505468	  0.4239144121781501	  0.4285740189298376	  0.4323444433237492	  0.4347816826676777	  0.4363669161405291	  0.4363582624369726	  0.4343991430707825	  0.4318026673308318	  0.4310427709142211	  0.4307748343241149	  0.4255214826860159	  0.4281546250970716	  0.4280675079621004	  0.4315375540031482	  0.4339847847658385	  0.4364208873574605	  0.4363018570637471	  0.4347557431792078	  0.4320982299138210	  0.4310407946696891	  0.4315726851594321	  0.4328809117837287	  0.4396231197806374	  0.4408623404325759	  0.4397077071904396	  0.4360150731112268	  0.4315659397121326	  0.4334785122965841	  0.4344555226147847	  0.4394047629284682	  0.4368075046408368	  0.4368985879083102	  0.4466350324722179	  0.4423813654962920	  0.4382079563878364	  0.4375237457708901	  0.4376178465275981	  0.4407416707547932	  0.4367349282933860	  0.4376388614899053	  0.4353187311627088	  0.4318036198671436	  0.4282019188970310	  0.4356140399306167	  0.4349641549061280	  0.4340004484526724	  0.4430883129905738	  0.4393648817889724	  0.4357035077740642	  0.4405847335299055	  0.4369733832550702	  0.4359304422675686	  0.4369835839707354	  0.4370451594728113	  0.4451237893519120	  0.4416188776247316	  0.4381687301432884	  0.4426424232875467	  0.4392374815699502	  0.4420168519152519	  0.4483488692980926	  0.4449778251680318	  0.4416570951294644	  0.4383855610914684	  0.4370452887895398	  0.4396476065067031	  0.4409261840456443	  0.4377540532251720	  0.4346272385592779	  0.4315447758744604	  0.4288760129294134	  0.4321432667553801	  0.4348257467589723	  0.4321956040268676	  0.4292353601636699	  0.4263153917271823	  0.4387384441080436	  0.4357938907918822	  0.4328885981866030	  0.4300217862780825	  0.4271926955788846	  0.4246630535107556	  0.4219055012152312	  0.4203211836192177	  0.4176268170575560	  0.4187862808669461	  0.4223570076710947	  0.4293468657065971	  0.4266634477959309	  0.4240133642692481	  0.4213959978231416	  0.4188107463027543	  0.4207419610939814	  0.4181920098146240	  0.4156727808398371	  0.4131837222719338	  0.4108542104560605	  0.4136035856647380	  0.4209962907055870	  0.4185343240932736	  0.4161009849997081	  0.4136957769939295	  0.4113182150571827	  0.4164948974217436	  0.4141284491409383	  0.4117887403887295	  0.4094753204989052	  0.4116497014953746	  0.4098004593959094	  0.4075363684600204	  0.4052971576443060	  0.4030824190779437	  0.4008917537568679	  0.4055705779158989	  0.4033900909378564	  0.4012329246761566	  0.3990987069917090	  0.3969870736213825	  0.3952170873715083	  0.3931478879611862	  0.3911002427113884	  0.3890738165833501	  0.3870682814463225	  0.3850833159004440	  0.3831186051050335	  0.3811738406121146	  0.3792487202049827	  0.3773429477416411	  0.3754562330029328	  0.3735882915452068	  0.3717388445573593	  0.3699076187221013	  0.3680943460813067	  0.3662987639053004	  0.3645206145659542	  0.3627596454134617	  0.3610156086566662	  0.3592882612468257	  0.3575773647646980	  0.3558826853108368	  0.3542039933989933	  0.3525410638525191	  0.3508936757036756	  0.3492616120957515	  0.3476446601879008	  0.3460426110626109	  0.3444552596357182	  0.3428824045688885	  0.3413238481844844	  0.3397793963827447	  0.3382488585612008	  0.3367320475362627	  0.3352287794669043	  0.3337388737803847	  0.3322621530999406	  0.3307984431743902	  0.3293475728095902	  0.3279093738016881	  0.3264836808721155	  0.3250703316042709	  0.3236691663818387	  0.3222800283286977
Memory                :	152.4108825410806105	151.3137090361508115	151.2275906043296345	151.1448503667945999	151.1448503667945999	148.4413523103431771	149.3662675074270112	157.8900036964868150	145.1016202950834781	152.2546718992554702	152.4558987843001887	152.3782397609265615	152.2963183116623611	155.9145484211256303	163.1489232642848322	157.5648321580835045	158.5761993522417299	159.5216820754839375	153.0348683754282320	153.0235108114165712	153.0073240912265931	152.9867036576964949	157.0096077123639873	158.0065859897548251	158.9986335309321248	159.9769961027561749	147.2158076694835529	147.2158076694835529	161.2446719424148966	161.1969698203138535	171.6008735411295731	172.5694485736698027	173.3841490479058223	167.7651856606734384	168.6125402099496000	162.1571944834553562	162.1436261962541323	155.6002600436993930	162.1060367927735513	172.8761032223412997	173.8839934595839338	174.8785371911843356	175.3667720478439094	156.0199367609562842	156.3142990729202495	156.2693865285247909	156.2209656320908380	166.3161391259073412	167.3061494376762539	168.2925782397794023	162.2563358113272329	163.2816200083649676	163.8588479280095953	163.9130978274914412	163.9265428648741363	163.9348940279995759	182.0800109037839150	183.1030335842322927	184.1066786545562195	184.8531991629558036	172.1522283912725868	172.2088058397671944	151.9066249592011957	151.9272861118519700	151.9285252841452518	190.0568340606774598	184.4077748941069217	185.3995524803105468	185.8805410578665374	179.6518294680043368	173.1453353731944276	173.0898548080423893	196.2490301178632421	197.2385575717602535	191.4927940898377585	192.5155471697489418	186.5478058758112638	186.9306926631668659	186.9432015166766803	174.3010299566736592	174.4025397174258956	155.4093909258849919	155.4093909258849919	193.5861662656650708	194.6292993580889288	173.6868651568158270	174.6811600432748151	175.6638212290340846	175.8748859572461072	175.9492551083181411	175.9914875707195279	207.7112386100876620	201.8127345129275341	196.0402344106678925	182.3527961574403378	183.3038007730361869	183.2280023702451217	183.0563887519927277	183.0563887519927277	207.8366533298529077	202.2281176569133265	188.8958960889008267	196.8143290744984597	197.9016900657308042	191.7184625809030365	191.7184625809030365	191.7184625809030365	197.9062383713511224	203.0460942953261281	204.0986840505922544	204.0986840505922544	211.2414086410670961	211.2331950844817925	211.1686042187289445	229.2509004986998491	206.4134176438331281	209.5927164864582721	219.0489990284912949	219.2600304595796956	219.2600304595796956	219.2600304595796956	219.7485409223494912	219.7485409223494912	237.5180217523029853	237.1345485082160849	235.1316098494876314	232.7607518485741593	232.7607518485741593	232.7607518485741593	231.6003952925270823	231.6003952925270823	233.1399241434413625	231.6518350769493395	231.6518350769493395	231.6518350769493395	231.6518350769493395	230.5013849209823604	230.6045500339525631	228.9214526997839414	228.9214526997839414	228.9214526997839414	228.9214526997839414	228.1437189476673666	228.2607500696071554	228.3174952977062730	227.9311337105830830	227.9311337105830830	227.9311337105830830	225.9836723091453052	225.9836723091453052	225.9836723091453052	225.9836723091453052	225.9836723091453052	225.4256201674319300	225.4256201674319300	223.2778047825613612	223.2778047825613612	225.4827096415227174	224.6190211533706247	221.9229692148286119	221.9229692148286119	221.9229692148286119	221.9229692148286119	221.9229692148286119	219.6160402300758676	219.6160402300758676	219.6160402300758676	219.6160402300758676	220.0355504507614626	219.2198884818304521	218.1310414016760717	218.1310414016760717	218.1310414016760717	218.1310414016760717	218.1310414016760717	218.1639762457126892	218.1639762457126892	218.1639762457126892	218.1639762457126892	217.0659953129474502	217.0974408955723618	217.0974408955723618	217.0974408955723618	217.0974408955723618	217.0974408955723618	215.2786933555622966	215.2786933555622966	215.2786933555622966	215.2786933555622966	215.2786933555622966	213.8685715994805889	213.8685715994805889	213.8685715994805889	213.8685715994805889	213.8685715994805889	213.8685715994805889	213.8685715994805889	213.8685715994805889	213.8685715994805889	213.8685715994805889	213.8685715994805889	213.8685715994805889	213.8685715994805889	213.8685715994805889	213.8685715994805889	213.8685715994805889	213.8685715994805889	213.8685715994805889	213.8685715994805889	213.8685715994805889	213.8685715994805889	213.8685715994805889	213.8685715994805889	213.8685715994805889	213.8685715994805889	213.8685715994805889	213.8685715994805889	213.8685715994805889	213.8685715994805889	213.8685715994805889	213.8685715994805889	213.8685715994805889	213.8685715994805889	213.8685715994805889	213.8685715994805889	213.8685715994805889	213.8685715994805889	213.8685715994805889	213.8685715994805889	213.8685715994805889	213.8685715994805889	213.8685715994805889	213.8685715994805889	213.8685715994805889
p                     :	                  36	                  36	                  36	                  36	                  36	                  35	                  35	                  37	                  33	                  35	                  35	                  35	                  35	                  36	                  38	                  36	                  36	                  36	                  34	                  34	                  34	                  34	                  35	                  35	                  35	                  35	                  31	                  31	                  35	                  35	                  38	                  38	                  38	                  36	                  36	                  34	                  34	                  32	                  34	                  37	                  37	                  37	                  37	                  31	                  31	                  31	                  31	                  34	                  34	                  34	                  32	                  32	                  32	                  32	                  32	                  32	                  37	                  37	                  37	                  37	                  33	                  33	                  27	                  27	                  27	                  38	                  36	                  36	                  36	                  34	                  32	                  32	                  39	                  39	                  37	                  37	                  35	                  35	                  35	                  31	                  31	                  25	                  25	                  36	                  36	                  30	                  30	                  30	                  30	                  30	                  30	                  39	                  37	                  35	                  31	                  31	                  31	                  31	                  31	                  38	                  36	                  32	                  34	                  34	                  32	                  32	                  32	                  34	                  35	                  35	                  35	                  37	                  37	                  37	                  42	                  35	                  36	                  38	                  38	                  38	                  38	                  38	                  38	                  45	                  43	                  43	                  41	                  41	                  41	                  42	                  42	                  44	                  42	                  42	                  42	                  42	                  45	                  45	                  45	                  45	                  45	                  45	                  48	                  48	                  48	                  48	                  48	                  48	                  48	                  48	                  48	                  48	                  48	                  51	                  51	                  52	                  52	                  54	                  54	                  52	                  52	                  52	                  52	                  52	                  54	                  54	                  54	                  54	                  57	                  57	                  55	                  55	                  55	                  55	                  55	                  58	                  58	                  58	                  58	                  59	                  59	                  59	                  59	                  59	                  59	                  62	                  62	                  62	                  62	                  62	                  64	                  64	                  64	                  64	                  64	                  64	                  64	                  64	                  64	                  64	                  64	                  64	                  64	                  64	                  64	                  64	                  64	                  64	                  64	                  64	                  64	                  64	                  64	                  64	                  64	                  64	                  64	                  64	                  64	                  64	                  64	                  64	                  64	                  64	                  64	                  64	                  64	                  64	                  64	                  64	                  64	                  64	                  64	                  64
l                     :	                 187	                 187	                 187	                 187	                 187	                 184	                 184	                 193	                 177	                 186	                 186	                 186	                 186	                 191	                 200	                 193	                 193	                 194	                 186	                 186	                 186	                 186	                 191	                 192	                 193	                 193	                 177	                 177	                 194	                 194	                 208	                 208	                 209	                 201	                 202	                 194	                 194	                 186	                 194	                 208	                 209	                 209	                 210	                 184	                 185	                 185	                 185	                 198	                 199	                 200	                 192	                 193	                 193	                 194	                 194	                 194	                 216	                 217	                 218	                 218	                 201	                 202	                 176	                 177	                 177	                 225	                 217	                 218	                 218	                 210	                 202	                 202	                 232	                 233	                 225	                 226	                 218	                 218	                 219	                 202	                 202	                 178	                 178	                 225	                 226	                 200	                 201	                 202	                 202	                 203	                 203	                 242	                 234	                 226	                 210	                 210	                 211	                 211	                 211	                 241	                 234	                 216	                 226	                 227	                 220	                 220	                 220	                 229	                 234	                 234	                 234	                 244	                 244	                 244	                 266	                 237	                 241	                 251	                 252	                 252	                 252	                 253	                 253	                 285	                 279	                 272	                 269	                 269	                 269	                 274	                 274	                 281	                 280	                 280	                 280	                 280	                 291	                 289	                 292	                 292	                 292	                 292	                 306	                 307	                 306	                 303	                 303	                 303	                 311	                 311	                 311	                 311	                 311	                 326	                 326	                 325	                 325	                 336	                 337	                 329	                 329	                 329	                 329	                 329	                 342	                 342	                 342	                 342	                 355	                 358	                 344	                 344	                 344	                 344	                 344	                 360	                 360	                 360	                 360	                 367	                 370	                 370	                 370	                 370	                 370	                 381	                 381	                 381	                 381	                 381	                 394	                 394	                 394	                 394	                 394	                 394	                 394	                 394	                 394	                 394	                 394	                 394	                 394	                 394	                 394	                 394	                 394	                 394	                 394	                 394	                 394	                 394	                 394	                 394	                 394	                 394	                 394	                 394	                 394	                 394	                 394	                 394	                 394	                 394	                 394	                 394	                 394	                 394	                 394	                 394	                 394	                 394	                 394	                 394
b                     :	                  29	                  30	                  30	                  30	                  30	                  29	                  29	                  30	                  26	                  28	                  28	                  28	                  28	                  29	                  31	                  29	                  29	                  29	                  27	                  27	                  27	                  27	                  28	                  28	                  28	                  28	                  24	                  24	                  27	                  27	                  30	                  30	                  30	                  28	                  28	                  26	                  26	                  24	                  26	                  29	                  29	                  29	                  29	                  23	                  23	                  23	                  23	                  26	                  26	                  26	                  24	                  24	                  24	                  24	                  24	                  24	                  28	                  28	                  28	                  28	                  24	                  24	                  19	                  19	                  19	                  29	                  27	                  27	                  27	                  25	                  23	                  23	                  30	                  30	                  28	                  28	                  26	                  26	                  26	                  22	                  22	                  17	                  17	                  26	                  26	                  21	                  21	                  21	                  21	                  21	                  21	                  29	                  27	                  25	                  22	                  22	                  22	                  22	                  22	                  28	                  26	                  23	                  24	                  24	                  23	                  23	                  23	                  25	                  25	                  25	                  25	                  27	                  27	                  27	                  31	                  25	                  26	                  27	                  28	                  28	                  28	                  28	                  28	                  40	                  33	                  35	                  31	                  31	                  31	                  36	                  36	                  45	                  39	                  39	                  39	                  39	                  53	                  54	                  56	                  56	                  56	                  56	                  70	                  71	                  72	                  73	                  73	                  73	                  77	                  77	                  77	                  77	                  77	                  91	                  91	                  97	                  97	                 105	                 107	                 102	                 102	                 102	                 102	                 102	                 114	                 114	                 114	                 114	                 127	                 129	                 123	                 123	                 123	                 123	                 123	                 138	                 138	                 138	                 138	                 145	                 145	                 145	                 145	                 145	                 145	                 161	                 161	                 161	                 161	                 161	                 172	                 172	                 172	                 172	                 172	                 172	                 172	                 172	                 172	                 172	                 172	                 172	                 172	                 172	                 172	                 172	                 172	                 172	                 172	                 172	                 172	                 172	                 172	                 172	                 172	                 172	                 172	                 172	                 172	                 172	                 172	                 172	                 172	                 172	                 172	                 172	                 172	                 172	                 172	                 172	                 172	                 172	                 172	                 172
p_                    :	 17.8567961566366122	 17.7978365213576062	 17.7388776569698230	 17.6799196626443802	 17.6799196626443802	 17.0651398889546364	 17.0064513917486835	 17.9405410502622900	 15.8971533807008871	 16.8304280297772131	 16.7717483734925388	 16.7130704433211221	 16.6543943425769534	 17.0905017187903248	 18.0208727965293782	 16.9726841150846148	 16.9137554475252330	 16.8548580715515470	 15.8091952841641739	 15.7508115235205288	 15.6924305224898131	 15.6340523892651468	 16.0679375553674113	 16.0093334400496623	 15.9507353490479868	 15.8921028264803077	 13.8699947816008304	 13.8699947816008304	 15.7162703740003025	 15.6576530953647737	 17.0703835474881735	 17.0109905747706271	 16.9516533568799552	 15.9128191814284925	 15.8540128480521840	 14.8175589580491742	 14.7592486113972239	 13.7253634945602148	 14.6426418817950506	 16.0479618858599196	 15.9889322133686385	 15.9298448533194570	 15.8708288163329758	 12.8934887247944978	 12.8361452387893458	 12.7787435178621251	 12.7213481519846798	 14.1184529187292913	 14.0602847939831186	 14.0021255214824567	 12.9756684123368533	 12.9180934351566066	 12.8604502666049658	 12.8028933348822545	 12.7452656356469713	 12.6876451500502174	 15.0447592768235907	 14.9858574749879381	 14.9269648775909474	 14.8679897451872538	 12.8809915994533775	 12.8232222060194481	  9.8890607836311055	  9.8331591514048355	  9.7771808948477350	 14.9960832260528889	 13.9747643496421521	 13.9162199002646432	 13.8575817888191732	 12.8399370040051153	 11.8251163344607804	 11.7676400360322404	 15.0622775092643142	 15.0030000012549802	 13.9849947305466298	 13.9262612797484913	 12.9114486827459380	 12.8531670590842975	 12.7950120244346550	 10.8336825157399730	 10.7766064165776907	  7.8662674732279063	  7.8662674732279063	 12.9798771193402587	 12.9215129870084908	 10.0191297679988569	  9.9625640594663079	  9.9060136458942605	  9.8493533189551581	  9.7928326414581779	  9.7361996954055119	 13.9366074618850924	 12.9283172833300526	 11.9230853484215000	  9.9798580874037679	  9.9229758297505626	  9.8662444821010720	  9.8093906026037132	  9.8093906026037132	 12.9906819199202470	 11.9882504927013311	 10.0504016751643697	 10.9313532569196052	 10.8738102121088893	 10.0200974582737050	 10.0200974582737050	 10.0200974582737050	 10.6434819819903552	 11.0540974999947164	 10.9961900356135960	 10.9961900356135960	 11.8170857672804708	 11.7586426690960693	 11.7002120772500682	 13.9890255339331322	 10.9399830643890326	 11.2462001357412511	 11.9345524927217301	 11.8760865265189786	 11.8760865265189786	 11.8760865265189786	 11.8581646217281289	 11.8581646217281289	 14.8605061852257077	 13.8621686248351743	 13.8009144751399209	 12.7747763975218795	 12.7747763975218795	 12.7747763975218795	 13.0955631358397575	 13.0955631358397575	 13.9099749671783304	 13.0801136457713767	 13.0801136457713767	 13.0801136457713767	 13.0801136457713767	 14.0775148208179619	 14.0168398646714802	 13.9946982061744318	 13.9946982061744318	 13.9946982061744318	 13.9946982061744318	 15.1149140476705011	 15.0542449820908359	 14.9931257059528598	 14.9315468739715786	 14.9315468739715786	 14.9315468739715786	 14.9081032495727595	 14.9081032495727595	 14.9081032495727595	 14.9081032495727595	 14.9081032495727595	 15.8423739192737187	 15.8423739192737187	 16.1836215746680629	 16.1836215746680629	 16.9924433935830770	 16.9306044518531991	 16.1237859618155213	 16.1237859618155213	 16.1237859618155213	 16.1237859618155213	 16.1237859618155213	 16.7309421945940784	 16.7309421945940784	 16.7309421945940784	 16.7309421945940784	 17.7051490964661866	 17.6433813629956333	 17.0341765461121177	 17.0341765461121177	 17.0341765461121177	 17.0341765461121177	 17.0341765461121177	 17.9434534514054995	 17.9434534514054995	 17.9434534514054995	 17.9434534514054995	 18.2463621267371856	 18.2464739447029700	 18.2464739447029700	 18.2464739447029700	 18.2464739447029700	 18.2464739447029700	 19.1541127275585659	 19.1541127275585659	 19.1541127275585659	 19.1541127275585659	 19.1541127275585659	 19.7588481993527871	 19.7588481993527871	 19.7588481993527871	 19.7588481993527871	 19.7588481993527871	 19.7588481993527871	 19.7588481993527871	 19.7588481993527871	 19.7588481993527871	 19.7588481993527871	 19.7588481993527871	 19.7588481993527871	 19.7588481993527871	 19.7588481993527871	 19.7588481993527871	 19.7588481993527871	 19.7588481993527871	 19.7588481993527871	 19.7588481993527871	 19.7588481993527871	 19.7588481993527871	 19.7588481993527871	 19.7588481993527871	 19.7588481993527871	 19.7588481993527871	 19.7588481993527871	 19.7588481993527871	 19.7588481993527871	 19.7588481993527871	 19.7588481993527871	 19.7588481993527871	 19.7588481993527871	 19.7588481993527871	 19.7588481993527871	 19.7588481993527871	 19.7588481993527871	 19.7588481993527871	 19.7588481993527871	 19.7588481993527871	 19.7588481993527871	 19.7588481993527871	 19.7588481993527871	 19.7588481993527871	 19.7588481993527871
r                     :	  0.5000000000000000	  0.4963340367248590	  0.4930318165564976	  0.4898199161099837	  0.4898199161099837	  0.4830998633786924	  0.4798883478992978	  0.4777885060891187	  0.4720658476966899	  0.4702670858235208	  0.4670513655865188	  0.4638274795641562	  0.4605937520770514	  0.4584111807878354	  0.4573550055715921	  0.4520563375789609	  0.4488583428716858	  0.4456475509905531	  0.4393433499744042	  0.4359166114976541	  0.4324719007801260	  0.4290086663982377	  0.4274976047667681	  0.4240973250964848	  0.4206784238621085	  0.4172385038527394	  0.4033361803331766	  0.4033361803331766	  0.4068017980715226	  0.4032812521423467	  0.4072377214445460	  0.4039658944041122	  0.4006781920163044	  0.3919460909950457	  0.3884265334087780	  0.3783504149077934	  0.3745583265035740	  0.3628235829663923	  0.3668988031939551	  0.3739020939083671	  0.3703578777985723	  0.3667885476593297	  0.3632003985981709	  0.3324313945997727	  0.3279813246465815	  0.3234925474528841	  0.3189688054718935	  0.3311328510047460	  0.3270215493287847	  0.3228810298508890	  0.3070129113797185	  0.3024924837960031	  0.2979316642200091	  0.2933404026013636	  0.2887074493285298	  0.2840375751320032	  0.3104471688760568	  0.3064917886972849	  0.3025094853921221	  0.2984945674323812	  0.2679606484372681	  0.2632582745189435	  0.1979989538047912	  0.1916854247098090	  0.1852962777217589	  0.2801409831751616	  0.2627364142255004	  0.2583415031916978	  0.2539071082598593	  0.2332118501624968	  0.2092330365598296	  0.2038927773263610	  0.2579258263586485	  0.2537950552650252	  0.2347744433633197	  0.2302772083250835	  0.2081100347339117	  0.2031648572353663	  0.1981874386392064	  0.1462942266700417	  0.1401956807138557	  0.0000000000000000	  0.0000000000000000	  0.1831705227461128	  0.1781512233205111	  0.0923609008645197	  0.0854873066999172	  0.0785278976454739	  0.0714646666760618	  0.0643196548033287	  0.0570585310351133	  0.1740444354247652	  0.1481205837809497	  0.1180729530859188	  0.0474021820423515	  0.0400876005899050	  0.0326539279685698	  0.0250439187325450	  0.0250439187325450	  0.1232553315853140	  0.0915018491872737	  0.0156111531161589	  0.0473596729323283	  0.0406422792096901	  0.0000000000000000	  0.0000000000000000	  0.0000000000000000	  0.0123620199380135	  0.0249143931498839	  0.0179129684029834	  0.0179129684029834	  0.0404395829517801	  0.0340921607125112	  0.0276346071630046	  0.0940131418985390	  0.0000000000000000	  0.0000000000000000	  0.0191482598840548	  0.0125010942288100	  0.0125010942288100	  0.0125010942288100	  0.0000000000000000	  0.0000000000000000	  0.0848593455430511	  0.0548395252269416	  0.0493586530786113	  0.0000000000000000	  0.0000000000000000	  0.0000000000000000	  0.0114972035044034	  0.0114972035044034	  0.0306938488096104	  0.0000000000000000	  0.0000000000000000	  0.0000000000000000	  0.0000000000000000	  0.0174653176344210	  0.0116638710861034	  0.0000000000000000	  0.0000000000000000	  0.0000000000000000	  0.0000000000000000	  0.0273751869017192	  0.0221724488431673	  0.0168347537975564	  0.0113233550783134	  0.0113233550783134	  0.0113233550783134	  0.0000000000000000	  0.0000000000000000	  0.0000000000000000	  0.0000000000000000	  0.0000000000000000	  0.0107654361897465	  0.0107654361897465	  0.0137720910218366	  0.0137720910218366	  0.0288940778420778	  0.0242336506947301	  0.0000000000000000	  0.0000000000000000	  0.0000000000000000	  0.0000000000000000	  0.0000000000000000	  0.0000000000000000	  0.0000000000000000	  0.0000000000000000	  0.0000000000000000	  0.0132364625517171	  0.0085187465003813	  0.0000000000000000	  0.0000000000000000	  0.0000000000000000	  0.0000000000000000	  0.0000000000000000	  0.0000000000000000	  0.0000000000000000	  0.0000000000000000	  0.0000000000000000	  0.0000000000000000	  0.0000000000000000	  0.0000000000000000	  0.0000000000000000	  0.0000000000000000	  0.0000000000000000	  0.0000000000000000	  0.0000000000000000	  0.0000000000000000	  0.0000000000000000	  0.0000000000000000	  0.0000000000000000	  0.0000000000000000	  0.0000000000000000	  0.0000000000000000	  0.0000000000000000	  0.0000000000000000	  0.0000000000000000	  0.0000000000000000	  0.0000000000000000	  0.0000000000000000	  0.0000000000000000	  0.0000000000000000	  0.0000000000000000	  0.0000000000000000	  0.0000000000000000	  0.0000000000000000	  0.0000000000000000	  0.0000000000000000	  0.0000000000000000	  0.0000000000000000	  0.0000000000000000	  0.0000000000000000	  0.0000000000000000	  0.0000000000000000	  0.0000000000000000	  0.0000000000000000	  0.0000000000000000	  0.0000000000000000	  0.0000000000000000	  0.0000000000000000	  0.0000000000000000	  0.0000000000000000	  0.0000000000000000	  0.0000000000000000	  0.0000000000000000	  0.0000000000000000	  0.0000000000000000	  0.0000000000000000	  0.0000000000000000	  0.0000000000000000	  0.0000000000000000	  0.0000000000000000	  0.0000000000000000	  0.0000000000000000
