DS-DOOM
-------
log2 # Instances      :	                   0	                   1	                   2	                   3	                   4	                   5	                   6	                   7	                   8	                   9	                  10	                  11	                  12	                  13	                  14	                  15	                  16	                  17	                  18	                  19	                  20	                  21	                  22	                  23	                  24	                  25	                  26	                  27	                  28	                  29	                  30	                  31	                  32	                  33	                  34	                  35	                  36	                  37	                  38	                  39	                  40	                  41	                  42	                  43	                  44	                  45	                  46	                  47	                  48	                  49	                  50	                  51	                  52	                  53	                  54	                  55	                  56	                  57	                  58	                  59	                  60	                  61	                  62	                  63	                  64	                  65	                  66	                  67	                  68	                  69	                  70	                  71	                  72	                  73	                  74	                  75	                  76	                  77	                  78	                  79	                  80	                  81	                  82	                  83	                  84	                  85	                  86	                  87	                  88	                  89	                  90	                  91	                  92	                  93	                  94	                  95	                  96	                  97	                  98	                  99	                 100	                 101	                 102	                 103	                 104	                 105	                 106	                 107	                 108	                 109	                 110	                 111	                 112	                 113	                 114	                 115	                 116	                 117	                 118	                 119	                 120	                 121	                 122	                 123	                 124	                 125	                 126	                 127	                 128	                 129	                 130	                 131	                 132	                 133	                 134	                 135	                 136	                 137	                 138	                 139	                 140	                 141	                 142	                 143	                 144	                 145	                 146	                 147	                 148	                 149	                 150	                 151	                 152	                 153	                 154	                 155	                 156	                 157	                 158	                 159	                 160	                 161	                 162	                 163	                 164	                 165	                 166	                 167	                 168	                 169	                 170	                 171	                 172	                 173	                 174	                 175	                 176	                 177	                 178	                 179	                 180	                 181	                 182	                 183	                 184	                 185	                 186	                 187	                 188	                 189	                 190	                 191	                 192	                 193	                 194	                 195	                 196	                 197	                 198	                 199	                 200
log2 # syndromes used :	 15.8147076248858625	 16.8147076248858625	 17.8147076248858625	 18.8147076248858625	 19.8147076248858625	 20.8147076248858625	 21.8147076248858625	 22.8147076248858625	 23.8147076248858625	 24.8147076248858625	 25.8147076248858625	 26.8147076248858625	 27.8147076248858625	 28.8147076248858625	 29.8147076248858625	 30.8147076248858625	 31.8147076248858625	 32.8147076248858625	 33.8147076248858625	 34.8147076248858625	 35.8147076248858625	 36.8147076248858625	 37.8147076248858625	 38.8147076248858625	 39.8147076248858625	 40.8147076248858625	 41.8147076248858625	 42.8147076248858625	 43.8147076248858625	 44.8147076248858625	 45.8147076248858625	 46.8147076248858625	 47.8147076248858625	 48.8147076248858625	 49.8147076248858625	 50.8147076248858625	 51.8147076248858625	 52.8147076248858625	 53.8147076248858625	 54.8147076248858625	 55.8147076248858625	 56.8147076248858625	 57.8147076248858625	 58.8147076248858625	 59.8147076248858625	 60.8147076248858625	 61.8147076248858625	 62.8147076248858625	 63.8147076248858625	 64.8147076248858554	 65.8147076248858554	 66.8147076248858554	 67.8147076248858554	 68.8147076248858554	 69.8147076248858554	 70.8147076248858554	 71.8147076248858554	 72.8147076248858554	 73.8147076248858554	 74.8147076248858554	 75.8147076248858554	 76.8147076248858554	 77.8147076248858554	 78.8147076248858554	 79.8147076248858554	 80.8147076248858554	 81.8147076248858554	 82.8147076248858554	 83.8147076248858554	 84.8147076248858554	 85.8147076248858554	 86.8147076248858554	 87.8147076248858554	 88.8147076248858554	 89.8147076248858554	 90.8147076248858554	 91.8147076248858554	 92.8147076248858554	 93.8147076248858554	 94.8147076248858554	 95.8147076248858554	 96.8147076248858554	 97.8147076248858554	 98.8147076248858554	 99.8147076248858554	100.8147076248858554	101.8147076248858554	102.8147076248858554	103.8147076248858554	104.8147076248858554	105.8147076248858554	106.8147076248858554	107.8147076248858554	108.8147076248858554	109.8147076248858554	110.8147076248858554	111.8147076248858554	112.8147076248858554	113.8147076248858554	114.8147076248858554	115.8147076248858554	116.8147076248858554	117.8147076248858554	118.8147076248858554	119.8147076248858554	120.8147076248858554	121.8147076248858554	122.8147076248858554	123.8147076248858554	124.8147076248858554	125.8147076248858554	126.8147076248858554	127.8147076248858554	128.8147076248858696	129.8147076248858696	130.8147076248858696	131.8147076248858696	132.8147076248858696	133.8147076248858696	134.8147076248858696	135.8147076248858696	136.8147076248858696	137.8147076248858696	138.8147076248858696	139.8147076248858696	140.8147076248858696	141.8147076248858696	142.8147076248858696	143.8147076248858696	144.8147076248858696	145.8147076248858696	146.8147076248858696	147.8147076248858696	148.8147076248858696	149.8147076248858696	150.8147076248858696	151.8147076248858696	152.8147076248858696	153.8147076248858696	154.8147076248858696	155.8147076248858696	156.8147076248858696	157.8147076248858696	158.8147076248858696	159.8147076248858696	160.8147076248858696	161.8147076248858696	162.8147076248858696	163.8147076248858696	164.8147076248858696	165.8147076248858696	166.8147076248858696	167.8147076248858696	168.8147076248858696	169.8147076248858696	170.8147076248858696	171.8147076248858696	172.8147076248858696	173.1089183000090941	174.8147076248858696	175.8147076248858696	176.8147076248858696	177.8147076248858696	178.8147076248858696	179.8147076248858696	180.8147076248858696	181.8147076248858696	182.8147076248858696	183.8147076248858696	184.8147076248858696	185.1244132006770826	185.1244132006770826	185.1244132006770826	185.1244132006770826	185.1244132006770826	185.1244132006770826	185.1244132006770826	185.1244132006770826	185.1244132006770826	185.1244132006770826	185.1244132006770826	185.1244132006770826	185.1244132006770826	185.1244132006770826	185.1244132006770826	185.1244132006770826	185.1244132006770826	185.1244132006770826	185.1244132006770826	185.1244132006770826	185.1244132006770826	185.1244132006770826	185.1244132006770826	185.1244132006770826	185.1244132006770826	185.1244132006770826	185.1244132006770826	185.1244132006770826	185.1244132006770826	185.1244132006770826	185.1244132006770826
Runtime               :	286.9561692777011785	285.9985316639618418	285.9176506323304352	284.9920041855623936	284.9485758638153357	284.0761359164058604	284.0492971911014024	283.2598901433597689	283.2375473378710353	282.5647454643502670	282.5400467966157976	281.7051880404884514	281.7043833346220367	280.7920805707976797	280.7912607313234048	279.8324170761406435	279.7681436680328488	278.8357257332978634	278.7996518170597255	277.9134900145152756	277.8902157527099348	277.0788124651170961	277.0587477622735832	276.3557809843585460	276.3329487557726338	275.6046750633204852	275.6034164935621220	274.7056456398511841	274.7041160685116665	273.7656551805688991	273.6808522881852923	272.7546134131498548	272.7077675853079199	271.8329734132267390	271.8040538225078535	271.0107591500127455	270.9873540070059335	270.3091184718612681	270.2837878879721529	269.7454848378276324	269.5354917159446018	269.3184433043197714	268.6733517386448398	268.5617400813860058	267.6177586808141200	267.5612115847500263	266.6565726356171240	266.6238798265269452	265.7843325001394419	265.7609369048242343	265.0190372012639273	264.9960308061785668	264.3828533095185094	264.3549443627804294	263.5264655612414231	263.5238538432685118	262.7395143071611301	262.5093048187986255	261.5930674864313801	261.5265873407317940	260.6703038258300467	260.6310987596312998	259.8667926276293088	259.8374691441921982	259.1974568328676582	259.1677614071446669	258.6710479160925047	258.4176132087469568	258.2769081861324025	257.6301992697026435	257.4189184768732162	256.5014023838180606	256.4257850701363282	255.5681104413861249	255.5244369957043205	254.7585974762068872	254.7271823110144169	254.0855196478482867	254.0548459704887136	253.5562622481297694	253.3447510312528266	253.1595172261610287	252.5788894336258181	252.3441616291972309	251.4342827228125543	251.3501097732526546	250.5060673088107706	250.4577543120104792	249.7125318486184824	249.6781843364120164	249.0626509910634354	249.0295927412140600	248.5582257955820751	248.5204607175143110	248.1827378757297993	248.1370528347941899	247.2869870851757810	247.1933114789052297	246.3031430178239134	246.2510748099958846	245.4364006938817511	245.4026445685153703	244.6966080805152046	244.6671045639297404	244.0966835072418348	244.0636314007655301	243.6358696848091654	243.3381987577080281	243.1720830914487124	242.2537636466082631	242.1526175706073900	241.2958205245927843	241.2391144588419820	240.4760849210045137	240.4383794124538838	239.8009408120069850	239.7669846846712005	239.2728462766551161	239.2348934448052091	238.8768914627697768	238.8313322069794538	238.1430403967572147	238.0329465690441850	237.1505376684499993	237.0896720081321405	236.2880592609668611	236.2496115058132773	235.5617510261021152	235.5292682163126301	234.9799313978191151	234.9444342319338261	234.5361326179577759	234.4933554360223127	234.0520443645342823	233.9334184797906744	233.0364532547513363	232.9713425344699544	232.1470238803635198	232.1072776107887137	231.3885929885163932	231.3565354410240502	230.7712756421454685	230.7371560591142838	230.2945236416123294	230.2532881515619181	229.9355811746765994	229.8487643333540120	228.9447907788918144	228.8754128967974566	228.0401823115386719	227.9986767008803383	227.2647904045929579	227.2324310387788273	226.6290953462548998	226.5953389353433636	226.1343215662508612	226.0938969257129827	225.7610787845475500	225.7449023464374989	224.8713652866022983	224.7978152907563185	223.9610392239672478	223.9174946792810204	223.1816087593470570	223.1484195543431781	222.5425337281634484	222.5084437758025331	222.0450148694462484	222.0043407155953616	221.6690975673909065	221.6519798796693408	221.6519798796693408	221.6519798796693408	221.6519798796693408	221.6519798796693408	221.6519798796693408	221.6519798796693408	221.6519798796693408	221.6519798796693408	221.6519798796693408	221.6519798796693408	221.6519798796693408	221.6519798796693408	221.6519798796693408	221.6519798796693408	221.6519798796693408	221.6519798796693408	221.6519798796693408	221.6519798796693408	221.6519798796693408	221.6519798796693408	221.6519798796693408	221.6519798796693408	221.6519798796693408	221.6519798796693408	221.6519798796693408	221.6519798796693408	221.6519798796693408	221.6519798796693408	221.6519798796693408	221.6519798796693408
Speedups              :	  0.0000000000000000	  0.9576376137393368	  0.5192593226853717	  0.6547216973795950	  0.5018983534714607	  0.5760066722590637	  0.4844786810999627	  0.5280398763344871	  0.4648277424787679	  0.4879359792612124	  0.4416122481085381	  0.4773619306557025	  0.4376488285899285	  0.4741606697618076	  0.4403506104555553	  0.4749168134373690	  0.4492516006042706	  0.4776731496707832	  0.4531398589245252	  0.4759304875361002	  0.4532976762495622	  0.4703503244087658	  0.4498827961557998	  0.4608864475366362	  0.4426341884136893	  0.4540597685752277	  0.4366443378515022	  0.4537230976981479	  0.4375733288996254	  0.4548453136942165	  0.4425105663171962	  0.4581147053081072	  0.4452625528872893	  0.4582786625598315	  0.4456504545645096	  0.4555831465053838	  0.4435782019637568	  0.4499202920497273	  0.4387468786770796	  0.4412996010223986	  0.4355169390439144	  0.4301884383751562	  0.4353051795013414	  0.4277774231701203	  0.4395093317474332	  0.4309990598433590	  0.4412955791757403	  0.4326019032164731	  0.4410799328658695	  0.4325557627117744	  0.4387426415287450	  0.4305909504220120	  0.4341022301573590	  0.4264382059419009	  0.4338834021566622	  0.4260420988078666	  0.4324402673310723	  0.4288923589281149	  0.4372948584701689	  0.4310098633384641	  0.4380977575311855	  0.4315585330831128	  0.4369254298398689	  0.4304555576747457	  0.4337298819505238	  0.4275139672393309	  0.4285624448728587	  0.4259485980440929	  0.4217538395818938	  0.4250140580869353	  0.4219607257261138	  0.4289403787870862	  0.4240331139939563	  0.4299734087166446	  0.4247531389459035	  0.4293009573532572	  0.4240656179827205	  0.4268915536344531	  0.4218118372719547	  0.4227836332857141	  0.4201427280806044	  0.4172426179202487	  0.4192351200496995	  0.4170121403434210	  0.4228796018439122	  0.4188948176993944	  0.4238383949870977	  0.4195220110998931	  0.4232231526032125	  0.4188537633852715	  0.4210390920737527	  0.4167755663350233	  0.4173689508925990	  0.4132871888192136	  0.4124833127869296	  0.4086222783463894	  0.4132206478388062	  0.4099263690597520	  0.4148267985701762	  0.4111625703808616	  0.4151976858381943	  0.4114210367246119	  0.4143094235018233	  0.4105734438230237	  0.4121104401005706	  0.4085003607327204	  0.4086820716310567	  0.4076445842990014	  0.4054082054282636	  0.4101138131292928	  0.4073050155190344	  0.4113544932712468	  0.4081879894541000	  0.4113281801477581	  0.4080507882916429	  0.4100454649190799	  0.4068033154571550	  0.4075497692397099	  0.4044175918042031	  0.4040275446632891	  0.4010403089226811	  0.4034142882722642	  0.4010100222021065	  0.4049238342215543	  0.4021491715287825	  0.4053448801338745	  0.4024329981895865	  0.4046804586740084	  0.4017726645420980	  0.4029165727122641	  0.4000902695828258	  0.4001529516010947	  0.3974455594066581	  0.3977753752869692	  0.3956921701336605	  0.3994053038737025	  0.3969472554649355	  0.4000667547250924	  0.3974557367167570	  0.3997667358934157	  0.3971402416905509	  0.3984744229472036	  0.3959085437928654	  0.3962352841684535	  0.3937700078204115	  0.3932454351932730	  0.3911466092078573	  0.3946352278830569	  0.3924375431142144	  0.3954093084977349	  0.3930499505121389	  0.3953071448550213	  0.3929193305192260	  0.3942946008591260	  0.3919534437815442	  0.3923990174932279	  0.3901427714871038	  0.3897776464532078	  0.3874130818434410	  0.3904704653528231	  0.3884897124184054	  0.3912740997126331	  0.3891276209779022	  0.3912549725052400	  0.3890716446546220	  0.3903856699971984	  0.3882393102524015	  0.3886895473548199	  0.3866180271553918	  0.3863140337888182	  0.3841422905766579	  0.3818958444329347	  0.3796755197559991	  0.3774808635724384	  0.3753114333220220	  0.3731667965601819	  0.3710465306706354	  0.3689502225877505	  0.3668774685282687	  0.3648278737320214	  0.3628010522112880	  0.3607966265084632	  0.3588142274617134	  0.3568534939783161	  0.3549140728153904	  0.3529956183677397	  0.3510977924625368	  0.3492202641605980	  0.3473627095639991	  0.3455248116297981	  0.3437062599896413	  0.3419067507750358	  0.3401259864480825	  0.3383636756374707	  0.3366195329795456	  0.3348932789642659	  0.3331846397858767	  0.3314933471981312	  0.3298191383738981	  0.3281617557690042	  0.3265209469901592
Memory                :	 33.2144278110446365	 33.6294653103234822	 34.2144278110446365	 34.9513934052108439	 35.7993903117657908	 36.7169281515738177	 37.6738594296819329	 38.6518331233519348	 39.6406925657467326	 40.6350898595173575	 41.6322803259305374	 42.6381483318471695	 43.6339253030816323	 44.6318125912606618	 45.6306691490100960	 46.6304601562739194	 47.6304381437612889	 48.6304521505131149	 49.6304466472904835	 50.6304689083717179	 51.6304675325601536	 52.6304918569206492	 53.6304915129673887	 54.6305163528238538	 55.6305162668355209	 56.6418187066657026	 57.6358437994283861	 58.6328205789636812	 59.6311943225683976	 60.6307662780190242	 61.6307662766754589	 62.6307912830678148	 63.6307912827319271	 64.6308162891946694	 65.6308162891106832	 66.6308412952659523	 67.6308412952449629	 68.6308663009982780	 69.6308663009930484	 70.6308913063208337	 71.6365212707046766	 72.6309163112158842	 73.6313761591748488	 74.6310913333607431	 75.6311163347910878	 76.6311163347910451	 77.6311413357881577	 78.6311413357881577	 79.6311663363520523	 80.6311663363520523	 81.6311913364827291	 82.6311913364827291	 83.6312163361801879	 84.6312163361801879	 85.6355319324242288	 86.6326018664782112	 87.6311069079416143	 88.6314413139651833	 89.6314663093313300	 90.6314663093313300	 91.6314913042644292	 92.6314913042644292	 93.6315162987644953	 94.6315162987644953	 95.6315412928315283	 96.6315412928315283	 97.6315662864655707	 98.6376229015183696	 99.6315912796666225	100.6316744485525732	101.6317662199515581	102.6317912096892400	103.6317912096892400	104.6318161989940734	105.6318161989940734	106.6318411878660584	107.6318411878660584	108.6318661763052233	109.6318661763052233	110.6318911643115825	111.6387756525238188	112.6319161518851359	113.6319880045609523	114.6320910527830961	115.6321160368948426	116.6321160368948426	117.6321410205739397	118.6321410205739397	119.6321660038203873	120.6321660038203873	121.6321909866341997	122.6321909866341997	123.6322159690154052	124.6322159690154052	125.6322409509640039	126.6322409509640039	127.6324158124927237	128.6324158124926953	129.6324407909810645	130.6324407909810645	131.6324657690369406	132.6324657690369406	133.6324907466603804	134.6324907466603804	135.6325157238513839	136.6325157238513839	137.6325407006099795	138.6336751509054750	139.6327155258135804	140.6327404991133392	141.6327404991133392	142.6327654719808322	143.6327654719808322	144.6327904444160311	145.6327904444160311	146.6328154164189925	147.6328154164189925	148.6328403879897166	149.6328403879897166	150.6328653591282034	151.6328653591282034	152.6330401449966132	153.6330401449966132	154.6330651126778548	155.6330651126778548	156.6330900799270012	157.6330900799270012	158.6331150467440807	159.6331150467440807	160.6331400131290934	161.6331400131290934	162.6331649790820393	163.6331649790820393	164.6333397286567788	165.6333397286567788	166.6333646911539290	167.6333646911539290	168.6333896532191545	169.6333896532191545	170.6334146148524837	171.6334146148524837	172.6334395760539451	173.6334395760539451	174.6334645368235101	175.6334645368235101	176.6334894971612641	177.6336392501196428	178.6336642074348333	179.6336642074348333	180.6336891643182980	181.6336891643182980	182.6337141207700370	183.6337141207700370	184.6337390767900786	185.6337390767900786	186.6337640323784512	187.6337640323784512	188.6337889875351266	188.9279996626583795	190.6339636615464030	191.6339636615464030	192.6339886132502670	193.6339886132502670	194.6340135645225757	195.6340135645225757	196.6340385153633576	197.6340385153633576	198.6340634657726696	199.6340634657726696	200.6340884157504547	200.9437939915416962	200.9437939915416962	200.9437939915416962	200.9437939915416962	200.9437939915416962	200.9437939915416962	200.9437939915416962	200.9437939915416962	200.9437939915416962	200.9437939915416962	200.9437939915416962	200.9437939915416962	200.9437939915416962	200.9437939915416962	200.9437939915416962	200.9437939915416962	200.9437939915416962	200.9437939915416962	200.9437939915416962	200.9437939915416962	200.9437939915416962	200.9437939915416962	200.9437939915416962	200.9437939915416962	200.9437939915416962	200.9437939915416962	200.9437939915416962	200.9437939915416962	200.9437939915416962	200.9437939915416962	200.9437939915416962
p                     :	                   2	                   2	                   2	                   2	                   2	                   2	                   2	                   2	                   2	                   2	                   2	                   3	                   3	                   3	                   3	                   3	                   3	                   3	                   3	                   3	                   3	                   3	                   3	                   3	                   3	                   4	                   4	                   4	                   4	                   4	                   4	                   4	                   4	                   4	                   4	                   4	                   4	                   4	                   4	                   4	                   5	                   4	                   5	                   5	                   5	                   5	                   5	                   5	                   5	                   5	                   5	                   5	                   5	                   5	                   6	                   6	                   6	                   6	                   6	                   6	                   6	                   6	                   6	                   6	                   6	                   6	                   6	                   7	                   6	                   7	                   7	                   7	                   7	                   7	                   7	                   7	                   7	                   7	                   7	                   7	                   8	                   7	                   8	                   8	                   8	                   8	                   8	                   8	                   8	                   8	                   8	                   8	                   8	                   8	                   8	                   8	                   9	                   9	                   9	                   9	                   9	                   9	                   9	                   9	                   9	                   9	                   9	                  10	                  10	                  10	                  10	                  10	                  10	                  10	                  10	                  10	                  10	                  10	                  10	                  10	                  10	                  11	                  11	                  11	                  11	                  11	                  11	                  11	                  11	                  11	                  11	                  11	                  11	                  12	                  12	                  12	                  12	                  12	                  12	                  12	                  12	                  12	                  12	                  12	                  12	                  12	                  13	                  13	                  13	                  13	                  13	                  13	                  13	                  13	                  13	                  13	                  13	                  13	                  13	                  14	                  14	                  14	                  14	                  14	                  14	                  14	                  14	                  14	                  14	                  14	                  14	                  14	                  14	                  14	                  14	                  14	                  14	                  14	                  14	                  14	                  14	                  14	                  14	                  14	                  14	                  14	                  14	                  14	                  14	                  14	                  14	                  14	                  14	                  14	                  14	                  14	                  14	                  14	                  14	                  14	                  14
l                     :	                  23	                  24	                  24	                  25	                  25	                  26	                  26	                  27	                  27	                  28	                  28	                  36	                  36	                  37	                  37	                  38	                  38	                  39	                  39	                  40	                  40	                  41	                  41	                  42	                  42	                  50	                  50	                  51	                  51	                  52	                  52	                  53	                  53	                  54	                  54	                  55	                  55	                  56	                  56	                  57	                  64	                  58	                  65	                  65	                  66	                  66	                  67	                  67	                  68	                  68	                  69	                  69	                  70	                  70	                  78	                  78	                  79	                  79	                  80	                  80	                  81	                  81	                  82	                  82	                  83	                  83	                  84	                  91	                  85	                  92	                  92	                  93	                  93	                  94	                  94	                  95	                  95	                  96	                  96	                  97	                 104	                  98	                 105	                 105	                 106	                 106	                 107	                 107	                 108	                 108	                 109	                 109	                 110	                 110	                 111	                 111	                 118	                 118	                 119	                 119	                 120	                 120	                 121	                 121	                 122	                 122	                 123	                 130	                 130	                 131	                 131	                 132	                 132	                 133	                 133	                 134	                 134	                 135	                 135	                 136	                 136	                 143	                 143	                 144	                 144	                 145	                 145	                 146	                 146	                 147	                 147	                 148	                 148	                 155	                 155	                 156	                 156	                 157	                 157	                 158	                 158	                 159	                 159	                 160	                 160	                 161	                 167	                 168	                 168	                 169	                 169	                 170	                 170	                 171	                 171	                 172	                 172	                 173	                 173	                 180	                 180	                 181	                 181	                 182	                 182	                 183	                 183	                 184	                 184	                 185	                 185	                 185	                 185	                 185	                 185	                 185	                 185	                 185	                 185	                 185	                 185	                 185	                 185	                 185	                 185	                 185	                 185	                 185	                 185	                 185	                 185	                 185	                 185	                 185	                 185	                 185	                 185	                 185	                 185	                 185	                 185
r                     :	  0.2466641568703813	  0.2305370707703113	  0.2143844906614528	  0.1982037627631340	  0.1819897127920389	  0.1657382475504051	  0.1494420374157218	  0.1330943296512743	  0.1166838126791418	  0.1001982363195351	  0.0836176135686244	  0.2059182431189246	  0.1948619574275450	  0.1837926988600416	  0.1727079627493413	  0.1616071177584326	  0.1504870681490785	  0.1393466194706980	  0.1281817875846571	  0.1169904154652599	  0.1057670708301206	  0.0945078394855118	  0.0832046584755860	  0.0718500406697225	  0.0604303259947648	  0.1568921247167614	  0.1483909974027635	  0.1398793485124661	  0.1313547989588636	  0.1228172370955394	  0.1142638010335668	  0.1056939162620710	  0.0971039909408034	  0.0884926548282835	  0.0798551162716303	  0.0711885391795927	  0.0624859258572311	  0.0537414165377682	  0.0449432298444597	  0.0360779299603768	  0.1177029860904746	  0.0180277629905380	  0.1037861894939732	  0.0968100000735232	  0.0898210599745305	  0.0828162475979274	  0.0757949586215671	  0.0687531962852238	  0.0616893197764314	  0.0545977725793804	  0.0474748432663471	  0.0403117504596384	  0.0330998874463249	  0.0258219754874066	  0.0953015670374688	  0.0894006602622762	  0.0834903898487706	  0.0775681154442887	  0.0716339312648053	  0.0656846398482386	  0.0597197236551083	  0.0537350571669573	  0.0477289785241916	  0.0416956229980681	  0.0356309128391935	  0.0295250969895737	  0.0233677975268753	  0.0829959404574532	  0.0107979239341939	  0.0727217602354720	  0.0675699570340115	  0.0624078190466107	  0.0572322994009912	  0.0520431885331095	  0.0468366232378125	  0.0416113910125223	  0.0363620997405288	  0.0310854186000475	  0.0257725421667442	  0.0204146173244045	  0.0727810231655754	  0.0094747715893859	  0.0636702103775552	  0.0591013345959414	  0.0545231078583029	  0.0499325408186303	  0.0453296004469457	  0.0407105259193577	  0.0360743291877557	  0.0314157856004365	  0.0267318583940948	  0.0220139861198605	  0.0172536405004561	  0.0124316920684969	  0.0075156957386336	  0.0024026653161557	  0.0517345654224118	  0.0476127014207468	  0.0434807422034620	  0.0393353579190453	  0.0351761933298831	  0.0309988544585424	  0.0268015609015637	  0.0225776556282372	  0.0183218575106133	  0.0140212358850070	  0.0096581584768382	  0.0526783022471599	  0.0489416377525843	  0.0451975466282391	  0.0414432317975068	  0.0376790562693762	  0.0339016044936742	  0.0301104849243794	  0.0263011207494250	  0.0224715170990333	  0.0186144936407010	  0.0147238422020310	  0.0107844044081225	  0.0067725768978154	  0.0026177768133650	  0.0427492336845217	  0.0393059326370363	  0.0358540876628738	  0.0323905106918203	  0.0289151637385005	  0.0254239085755147	  0.0219154286469081	  0.0183835360648381	  0.0148237118433553	  0.0112239337113778	  0.0075679061845054	  0.0038119271318523	  0.0403056023465005	  0.0371225279700933	  0.0339318589045914	  0.0307305520629481	  0.0275188095977047	  0.0242927688330124	  0.0210515480097681	  0.0177895572911140	  0.0145032749897124	  0.0111824013134255	  0.0078143079035239	  0.0043660749192630	  0.0007238988211608	  0.0349262178467529	  0.0319572378054540	  0.0289783989551325	  0.0259900685662623	  0.0229885538636421	  0.0199732539827623	  0.0169389358198099	  0.0138826712656403	  0.0107951123929604	  0.0076655370769378	  0.0044658919910719	  0.0011126534755797	  0.0000000000000000	  0.0299593530051361	  0.0271715945988155	  0.0243750019824995	  0.0215659777216267	  0.0187440948346205	  0.0159043121689931	  0.0130440271790605	  0.0101543513574605	  0.0072254166733890	  0.0042309551022492	  0.0010944312197287	  0.0000000000000000	  0.0000000000000000	  0.0000000000000000	  0.0000000000000000	  0.0000000000000000	  0.0000000000000000	  0.0000000000000000	  0.0000000000000000	  0.0000000000000000	  0.0000000000000000	  0.0000000000000000	  0.0000000000000000	  0.0000000000000000	  0.0000000000000000	  0.0000000000000000	  0.0000000000000000	  0.0000000000000000	  0.0000000000000000	  0.0000000000000000	  0.0000000000000000	  0.0000000000000000	  0.0000000000000000	  0.0000000000000000	  0.0000000000000000	  0.0000000000000000	  0.0000000000000000	  0.0000000000000000	  0.0000000000000000	  0.0000000000000000	  0.0000000000000000	  0.0000000000000000

MMT-DOOM
--------
log2 # Instances      :	                   0	                   1	                   2	                   3	                   4	                   5	                   6	                   7	                   8	                   9	                  10	                  11	                  12	                  13	                  14	                  15	                  16	                  17	                  18	                  19	                  20	                  21	                  22	                  23	                  24	                  25	                  26	                  27	                  28	                  29	                  30	                  31	                  32	                  33	                  34	                  35	                  36	                  37	                  38	                  39	                  40	                  41	                  42	                  43	                  44	                  45	                  46	                  47	                  48	                  49	                  50	                  51	                  52	                  53	                  54	                  55	                  56	                  57	                  58	                  59	                  60	                  61	                  62	                  63	                  64	                  65	                  66	                  67	                  68	                  69	                  70	                  71	                  72	                  73	                  74	                  75	                  76	                  77	                  78	                  79	                  80	                  81	                  82	                  83	                  84	                  85	                  86	                  87	                  88	                  89	                  90	                  91	                  92	                  93	                  94	                  95	                  96	                  97	                  98	                  99	                 100	                 101	                 102	                 103	                 104	                 105	                 106	                 107	                 108	                 109	                 110	                 111	                 112	                 113	                 114	                 115	                 116	                 117	                 118	                 119	                 120	                 121	                 122	                 123	                 124	                 125	                 126	                 127	                 128	                 129	                 130	                 131	                 132	                 133	                 134	                 135	                 136	                 137	                 138	                 139	                 140	                 141	                 142	                 143	                 144	                 145	                 146	                 147	                 148	                 149	                 150	                 151	                 152	                 153	                 154	                 155	                 156	                 157	                 158	                 159	                 160	                 161	                 162	                 163	                 164	                 165	                 166	                 167	                 168	                 169	                 170	                 171	                 172	                 173	                 174	                 175	                 176	                 177	                 178	                 179	                 180	                 181	                 182	                 183	                 184	                 185	                 186	                 187	                 188	                 189	                 190	                 191	                 192	                 193	                 194	                 195	                 196	                 197	                 198	                 199	                 200
log2 # syndromes used :	 15.8147076248858625	 16.8147076248858625	 17.8147076248858625	 17.8147076248858625	 19.7551108839624945	 19.7551108839624945	 19.7551108839624945	 22.8147076248858625	 23.8147076248858625	 24.8147076248858625	 25.8147076248858625	 26.8147076248858625	 27.8147076248858625	 27.8147076248858625	 28.9666673970133246	 28.9666673970133246	 28.9666673970133246	 28.9666673970133246	 28.9666673970133246	 28.9666673970133246	 28.9666673970133246	 28.9666673970133246	 37.7882814374405811	 37.7882814374405811	 37.7882814374405811	 37.7882814374405811	 37.7882814374405811	 37.7882814374405811	 37.7882814374405811	 37.7882814374405811	 37.7882814374405811	 37.7882814374405811	 37.7882814374405811	 37.7882814374405811	 37.7882814374405811	 50.8147076248858625	 51.8147076248858625	 52.8147076248858625	 53.8147076248858625	 53.8147076248858625	 55.5483902761383135	 55.5483902761383135	 55.5483902761383135	 55.5483902761383135	 55.5483902761383135	 55.5483902761383135	 55.5483902761383135	 55.5483902761383135	 55.5483902761383135	 55.5483902761383135	 65.8147076248858554	 65.8147076248858554	 65.8147076248858554	 65.8147076248858554	 65.8147076248858554	 70.8147076248858554	 70.8147076248858554	 72.7051685923171220	 72.7051685923171220	 72.7051685923171220	 72.7051685923171220	 72.7051685923171220	 72.7051685923171220	 72.7051685923171220	 72.7051685923171220	 72.7051685923171220	 72.7051685923171220	 72.7051685923171220	 72.7051685923171220	 72.7051685923171220	 72.7051685923171220	 72.7051685923171220	 72.7051685923171220	 72.7051685923171220	 88.8729585046142034	 88.8729585046142034	 88.8729585046142034	 88.8729585046142034	 88.8729585046142034	 88.8729585046142034	 88.8729585046142034	 88.8729585046142034	 88.8729585046142034	 88.8729585046142034	 88.8729585046142034	 88.8729585046142034	 88.8729585046142034	 88.8729585046142034	 88.8729585046142034	 88.8729585046142034	 88.8729585046142034	 88.8729585046142034	 88.8729585046142034	 88.8729585046142034	 88.8729585046142034	 88.8729585046142034	 88.8729585046142034	 88.8729585046142034	 88.8729585046142034	 88.8729585046142034	 88.8729585046142034	 88.8729585046142034	 88.8729585046142034	 88.8729585046142034	 88.8729585046142034	 88.8729585046142034	 88.8729585046142034	 88.8729585046142034	 88.8729585046142034	 88.8729585046142034	 88.8729585046142034	 88.8729585046142034	 88.8729585046142034	 88.8729585046142034	 88.8729585046142034	 88.8729585046142034	 88.8729585046142034	 88.8729585046142034	 88.8729585046142034	 88.8729585046142034	 88.8729585046142034	 88.8729585046142034	 88.8729585046142034	 88.8729585046142034	 88.8729585046142034	 88.8729585046142034	 88.8729585046142034	 88.8729585046142034	 88.8729585046142034	 88.8729585046142034	 88.8729585046142034	 88.8729585046142034	 88.8729585046142034	 88.8729585046142034	 88.8729585046142034	 88.8729585046142034	 88.8729585046142034	152.3190122334729892	152.3190122334729892	152.3190122334729892	152.3190122334729892	152.3190122334729892	152.3190122334729892	152.3190122334729892	152.3190122334729892	152.3190122334729892	152.3190122334729892	152.3190122334729892	152.3190122334729892	152.3190122334729892	152.3190122334729892	152.3190122334729892	152.3190122334729892	152.3190122334729892	152.3190122334729892	152.3190122334729892	152.3190122334729892	152.3190122334729892	152.3190122334729892	152.3190122334729892	152.3190122334729892	152.3190122334729892	152.3190122334729892	152.3190122334729892	152.3190122334729892	152.3190122334729892	152.3190122334729892	152.3190122334729892	152.3190122334729892	152.3190122334729892	152.3190122334729892	152.3190122334729892	152.3190122334729892	152.3190122334729892	152.3190122334729892	152.3190122334729892	152.3190122334729892	152.3190122334729892	152.3190122334729892	152.3190122334729892	152.3190122334729892	152.3190122334729892	152.3190122334729892	152.3190122334729892	152.3190122334729892	152.3190122334729892	152.3190122334729892	152.3190122334729892	152.3190122334729892	152.3190122334729892	152.3190122334729892	152.3190122334729892	152.3190122334729892	152.3190122334729892	152.3190122334729892	152.3190122334729892	152.3190122334729892	152.3190122334729892	152.3190122334729892	152.3190122334729892	152.3190122334729892
Runtime               :	277.4579356793519196	277.3482790519872765	277.3460424300747604	277.3460424300747604	276.7610774327437184	276.7610774327437184	276.7610774327437184	276.1596534495352557	275.1930184194336562	274.3652651719825144	272.8413388427428572	272.0557330743763487	271.4060097326199639	271.4060097326199639	270.8740340181226429	270.8740340181226429	270.8740340181226429	270.8740340181226429	270.8740340181226429	270.8740340181226429	270.8740340181226429	270.8740340181226429	268.6860604428434272	268.6860604428434272	268.6860604428434272	268.6860604428434272	268.6860604428434272	268.6860604428434272	268.6860604428434272	268.6860604428434272	268.6860604428434272	268.6860604428434272	268.6860604428434272	268.6860604428434272	268.6860604428434272	268.2214511069498712	267.9407176575235212	267.1815250223580165	266.7573591027584143	266.7573591027584143	266.3100914604829654	266.3100914604829654	266.3100914604829654	266.3100914604829654	266.3100914604829654	266.3100914604829654	266.3100914604829654	266.3100914604829654	266.3100914604829654	266.3100914604829654	265.8061716268647956	265.8061716268647956	265.8061716268647956	265.8061716268647956	265.8061716268647956	265.7441934404747030	265.7441934404747030	263.8778087044069025	263.8778087044069025	263.8778087044069025	263.8778087044069025	263.8778087044069025	263.8778087044069025	263.8778087044069025	263.8778087044069025	263.8778087044069025	263.8778087044069025	263.8778087044069025	263.8778087044069025	263.8778087044069025	263.8778087044069025	263.8778087044069025	263.8778087044069025	263.8778087044069025	259.9303352459457983	259.9303352459457983	259.9303352459457983	259.9303352459457983	259.9303352459457983	259.9303352459457983	259.9303352459457983	259.9303352459457983	259.9303352459457983	259.9303352459457983	259.9303352459457983	259.9303352459457983	259.9303352459457983	259.9303352459457983	259.9303352459457983	259.9303352459457983	259.9303352459457983	259.9303352459457983	259.9303352459457983	259.9303352459457983	259.9303352459457983	259.9303352459457983	259.9303352459457983	259.9303352459457983	259.9303352459457983	259.9303352459457983	259.9303352459457983	259.9303352459457983	259.9303352459457983	259.9303352459457983	259.9303352459457983	259.9303352459457983	259.9303352459457983	259.9303352459457983	259.9303352459457983	259.9303352459457983	259.9303352459457983	259.9303352459457983	259.9303352459457983	259.9303352459457983	259.9303352459457983	259.9303352459457983	259.9303352459457983	259.9303352459457983	259.9303352459457983	259.9303352459457983	259.9303352459457983	259.9303352459457983	259.9303352459457983	259.9303352459457983	259.9303352459457983	259.9303352459457983	259.9303352459457983	259.9303352459457983	259.9303352459457983	259.9303352459457983	259.9303352459457983	259.9303352459457983	259.9303352459457983	259.9303352459457983	259.9303352459457983	259.9303352459457983	259.9303352459457983	259.4115828433568822	259.4115828433568822	259.4115828433568822	259.4115828433568822	259.4115828433568822	259.4115828433568822	259.4115828433568822	259.4115828433568822	259.4115828433568822	259.4115828433568822	259.4115828433568822	259.4115828433568822	259.4115828433568822	259.4115828433568822	259.4115828433568822	259.4115828433568822	259.4115828433568822	259.4115828433568822	259.4115828433568822	259.4115828433568822	259.4115828433568822	259.4115828433568822	259.4115828433568822	259.4115828433568822	259.4115828433568822	259.4115828433568822	259.4115828433568822	259.4115828433568822	259.4115828433568822	259.4115828433568822	259.4115828433568822	259.4115828433568822	259.4115828433568822	259.4115828433568822	259.4115828433568822	259.4115828433568822	259.4115828433568822	259.4115828433568822	259.4115828433568822	259.4115828433568822	259.4115828433568822	259.4115828433568822	259.4115828433568822	259.4115828433568822	259.4115828433568822	259.4115828433568822	259.4115828433568822	259.4115828433568822	259.4115828433568822	259.4115828433568822	259.4115828433568822	259.4115828433568822	259.4115828433568822	259.4115828433568822	259.4115828433568822	259.4115828433568822	259.4115828433568822	259.4115828433568822	259.4115828433568822	259.4115828433568822	259.4115828433568822	259.4115828433568822	259.4115828433568822	259.4115828433568822
Speedups              :	  0.0000000000000000	  0.1096566273646431	  0.0559466246385796	  0.0372977497590531	  0.1742145616520503	  0.1393716493216402	  0.1161430411013669	  0.1854688899738091	  0.2831146574897829	  0.3436300563743784	  0.4616596836609063	  0.4911093277250519	  0.5043271622276629	  0.4655327651332274	  0.4702786900878055	  0.4389267774152851	  0.4114938538268298	  0.3872883330134869	  0.3657723145127376	  0.3465211400646988	  0.3291950830614638	  0.3135191267252037	  0.3987216016594770	  0.3813858798481953	  0.3654948015211872	  0.3508750094603397	  0.3373798167887881	  0.3248842680188331	  0.3132812584467319	  0.3024784564313273	  0.2923958412169497	  0.2829637173067255	  0.2741211011408904	  0.2658144011063179	  0.2579963304855439	  0.2638995592114871	  0.2643671672730111	  0.2777408285674028	  0.2815941204366712	  0.2743737583741924	  0.2786961054717239	  0.2718986394846086	  0.2654248623540227	  0.2592521911364873	  0.2533600958833853	  0.2477298715304212	  0.2423444395406294	  0.2371881748695522	  0.2322467545597699	  0.2275070248748766	  0.2330352810497425	  0.2284659618134730	  0.2240723856247524	  0.2198446047639080	  0.2157734083793912	  0.2129771316159494	  0.2091739685513789	  0.2382478416657021	  0.2341401202576727	  0.2301716436431359	  0.2263354495824169	  0.2226250323761478	  0.2190343060475003	  0.2155575710308733	  0.2121894839835159	  0.2089250303837695	  0.2057594996203790	  0.2026884623126122	  0.1997077496315444	  0.1968134344194930	  0.1940018139277860	  0.1912693940133101	  0.1886128746520141	  0.1860291366430824	  0.2368594653162989	  0.2337013391120816	  0.2306263214921858	  0.2276311744598198	  0.2247128260693093	  0.2218683599165332	  0.2190950054175765	  0.2163901288074830	  0.2137512247976356	  0.2111759088362183	  0.2086619099215014	  0.2062070639224250	  0.2038093073651875	  0.2014666716483462	  0.1991772776523423	  0.1969393307124283	  0.1947511159267347	  0.1926109937736936	  0.1905173960152839	  0.1884688218645819	  0.1864638343979375	  0.1845010571937487	  0.1825791711813138	  0.1806969116845992	  0.1788530656470012	  0.1770464690243043	  0.1752760043340612	  0.1735405983505557	  0.1718392199353541	  0.1701708779942342	  0.1685346195519819	  0.1669295279372011	  0.1653547210698691	  0.1638093498449170	  0.1622925966056122	  0.1608036737009736	  0.1593418221218738	  0.1579063102108660	  0.1564964324411261	  0.1551115082602312	  0.1537508809947905	  0.1524139168122271	  0.1511000037362597	  0.1498085507128728	  0.1485389867237807	  0.1472907599445893	  0.1460633369450510	  0.1448562019289762	  0.1436688560115256	  0.1425008165317571	  0.1413516163984365	  0.1402208034672490	  0.1391079399476676	  0.1380126018378435	  0.1369343783859853	  0.1358728715767916	  0.1348276956415856	  0.1337984765908864	  0.1327848517682282	  0.1317864694241062	  0.1308029883090009	  0.1298340772844898	  0.1288794149515156	  0.1317252031824455	  0.1307706727246017	  0.1298298765179499	  0.1289025202571074	  0.1279883179857804	  0.1270869918027820	  0.1261982715803849	  0.1253218946944100	  0.1244576057654830	  0.1236051564109249	  0.1227643050067690	  0.1219348164594259	  0.1211164619865439	  0.1203090189066336	  0.1195122704370532	  0.1187260054999674	  0.1179500185359153	  0.1171841093246431	  0.1164280828128712	  0.1156817489486861	  0.1149449225222614	  0.1142174230126268	  0.1134990744402204	  0.1127897052249690	  0.1120891480496586	  0.1113972397283644	  0.1107138210797242	  0.1100387368048478	  0.1093718353696669	  0.1087129688915364	  0.1080619930299104	  0.1074187668809228	  0.1067831528757103	  0.1061550166823237	  0.1055342271110821	  0.1049206560232270	  0.1043141782427459	  0.1037146714712359	  0.1031220162056859	  0.1025360956590627	  0.1019567956835878	  0.1013840046966013	  0.1008176136089108	  0.1002575157555280	  0.0997036068287019	  0.0991557848131596	  0.0986139499234702	  0.0980780045434513	  0.0975478531675407	  0.0970234023440593	  0.0965045606202943	  0.0959912384893353	  0.0954833483385981	  0.0949808043999739	  0.0944835227015447	  0.0939914210208075	  0.0935044188393525	  0.0930224372989435	  0.0925453991589489	  0.0920732287550767	  0.0916058519593657	  0.0911431961413891	  0.0906851901306283	  0.0902317641799752
Memory                :	 47.4510670537091599	 47.4073756987186101	 47.3334723095398218	 47.3334723095398218	 48.5152353577790265	 48.5152353577790265	 48.5152353577790265	 57.1977554593115016	 58.3014185617309622	 59.4031483109758156	 59.5033048660862676	 60.6024610501727352	 61.4331280496706853	 61.4331280496706853	 61.5884755071507328	 61.5884755071507328	 61.5884755071507328	 61.5884755071507328	 61.5884755071507328	 61.5884755071507328	 61.5884755071507328	 61.5884755071507328	 71.9139562649543649	 71.9139562649543649	 71.9139562649543649	 71.9139562649543649	 71.9139562649543649	 71.9139562649543649	 71.9139562649543649	 71.9139562649543649	 71.9139562649543649	 71.9139562649543649	 71.9139562649543649	 71.9139562649543649	 71.9139562649543649	108.7479092464358672	108.5302920639439463	110.0310320256018173	110.1998843646161674	110.1998843646161674	110.4175333310944040	110.4175333310944040	110.4175333310944040	110.4175333310944040	110.4175333310944040	110.4175333310944040	110.4175333310944040	110.4175333310944040	110.4175333310944040	110.4175333310944040	133.1249891350430801	133.1249891350430801	133.1249891350430801	133.1249891350430801	133.1249891350430801	139.6031881307581557	139.6031881307581557	141.5890550386504572	141.5890550386504572	141.5890550386504572	141.5890550386504572	141.5890550386504572	141.5890550386504572	141.5890550386504572	141.5890550386504572	141.5890550386504572	141.5890550386504572	141.5890550386504572	141.5890550386504572	141.5890550386504572	141.5890550386504572	141.5890550386504572	141.5890550386504572	141.5890550386504572	166.4606023640127148	166.4606023640127148	166.4606023640127148	166.4606023640127148	166.4606023640127148	166.4606023640127148	166.4606023640127148	166.4606023640127148	166.4606023640127148	166.4606023640127148	166.4606023640127148	166.4606023640127148	166.4606023640127148	166.4606023640127148	166.4606023640127148	166.4606023640127148	166.4606023640127148	166.4606023640127148	166.4606023640127148	166.4606023640127148	166.4606023640127148	166.4606023640127148	166.4606023640127148	166.4606023640127148	166.4606023640127148	166.4606023640127148	166.4606023640127148	166.4606023640127148	166.4606023640127148	166.4606023640127148	166.4606023640127148	166.4606023640127148	166.4606023640127148	166.4606023640127148	166.4606023640127148	166.4606023640127148	166.4606023640127148	166.4606023640127148	166.4606023640127148	166.4606023640127148	166.4606023640127148	166.4606023640127148	166.4606023640127148	166.4606023640127148	166.4606023640127148	166.4606023640127148	166.4606023640127148	166.4606023640127148	166.4606023640127148	166.4606023640127148	166.4606023640127148	166.4606023640127148	166.4606023640127148	166.4606023640127148	166.4606023640127148	166.4606023640127148	166.4606023640127148	166.4606023640127148	166.4606023640127148	166.4606023640127148	166.4606023640127148	166.4606023640127148	166.4606023640127148	250.4132926752789103	250.4132926752789103	250.4132926752789103	250.4132926752789103	250.4132926752789103	250.4132926752789103	250.4132926752789103	250.4132926752789103	250.4132926752789103	250.4132926752789103	250.4132926752789103	250.4132926752789103	250.4132926752789103	250.4132926752789103	250.4132926752789103	250.4132926752789103	250.4132926752789103	250.4132926752789103	250.4132926752789103	250.4132926752789103	250.4132926752789103	250.4132926752789103	250.4132926752789103	250.4132926752789103	250.4132926752789103	250.4132926752789103	250.4132926752789103	250.4132926752789103	250.4132926752789103	250.4132926752789103	250.4132926752789103	250.4132926752789103	250.4132926752789103	250.4132926752789103	250.4132926752789103	250.4132926752789103	250.4132926752789103	250.4132926752789103	250.4132926752789103	250.4132926752789103	250.4132926752789103	250.4132926752789103	250.4132926752789103	250.4132926752789103	250.4132926752789103	250.4132926752789103	250.4132926752789103	250.4132926752789103	250.4132926752789103	250.4132926752789103	250.4132926752789103	250.4132926752789103	250.4132926752789103	250.4132926752789103	250.4132926752789103	250.4132926752789103	250.4132926752789103	250.4132926752789103	250.4132926752789103	250.4132926752789103	250.4132926752789103	250.4132926752789103	250.4132926752789103	250.4132926752789103
p                     :	                   5	                   5	                   5	                   5	                   5	                   5	                   5	                   6	                   6	                   6	                   6	                   6	                   6	                   6	                   6	                   6	                   6	                   6	                   6	                   6	                   6	                   6	                   7	                   7	                   7	                   7	                   7	                   7	                   7	                   7	                   7	                   7	                   7	                   7	                   7	                  12	                  12	                  12	                  12	                  12	                  12	                  12	                  12	                  12	                  12	                  12	                  12	                  12	                  12	                  12	                  15	                  15	                  15	                  15	                  15	                  16	                  16	                  16	                  16	                  16	                  16	                  16	                  16	                  16	                  16	                  16	                  16	                  16	                  16	                  16	                  16	                  16	                  16	                  16	                  19	                  19	                  19	                  19	                  19	                  19	                  19	                  19	                  19	                  19	                  19	                  19	                  19	                  19	                  19	                  19	                  19	                  19	                  19	                  19	                  19	                  19	                  19	                  19	                  19	                  19	                  19	                  19	                  19	                  19	                  19	                  19	                  19	                  19	                  19	                  19	                  19	                  19	                  19	                  19	                  19	                  19	                  19	                  19	                  19	                  19	                  19	                  19	                  19	                  19	                  19	                  19	                  19	                  19	                  19	                  19	                  19	                  19	                  19	                  19	                  19	                  19	                  19	                  35	                  35	                  35	                  35	                  35	                  35	                  35	                  35	                  35	                  35	                  35	                  35	                  35	                  35	                  35	                  35	                  35	                  35	                  35	                  35	                  35	                  35	                  35	                  35	                  35	                  35	                  35	                  35	                  35	                  35	                  35	                  35	                  35	                  35	                  35	                  35	                  35	                  35	                  35	                  35	                  35	                  35	                  35	                  35	                  35	                  35	                  35	                  35	                  35	                  35	                  35	                  35	                  35	                  35	                  35	                  35	                  35	                  35	                  35	                  35	                  35	                  35	                  35	                  35
l                     :	                  65	                  65	                  65	                  65	                  67	                  67	                  67	                  75	                  76	                  77	                  78	                  79	                  79	                  79	                  80	                  80	                  80	                  80	                  80	                  80	                  80	                  80	                  90	                  90	                  90	                  90	                  90	                  90	                  90	                  90	                  90	                  90	                  90	                  90	                  90	                 130	                 130	                 132	                 132	                 132	                 132	                 132	                 132	                 132	                 132	                 132	                 132	                 132	                 132	                 132	                 157	                 157	                 157	                 157	                 157	                 164	                 164	                 166	                 166	                 166	                 166	                 166	                 166	                 166	                 166	                 166	                 166	                 166	                 166	                 166	                 166	                 166	                 166	                 166	                 194	                 194	                 194	                 194	                 194	                 194	                 194	                 194	                 194	                 194	                 194	                 194	                 194	                 194	                 194	                 194	                 194	                 194	                 194	                 194	                 194	                 194	                 194	                 194	                 194	                 194	                 194	                 194	                 194	                 194	                 194	                 194	                 194	                 194	                 194	                 194	                 194	                 194	                 194	                 194	                 194	                 194	                 194	                 194	                 194	                 194	                 194	                 194	                 194	                 194	                 194	                 194	                 194	                 194	                 194	                 194	                 194	                 194	                 194	                 194	                 194	                 194	                 194	                 325	                 325	                 325	                 325	                 325	                 325	                 325	                 325	                 325	                 325	                 325	                 325	                 325	                 325	                 325	                 325	                 325	                 325	                 325	                 325	                 325	                 325	                 325	                 325	                 325	                 325	                 325	                 325	                 325	                 325	                 325	                 325	                 325	                 325	                 325	                 325	                 325	                 325	                 325	                 325	                 325	                 325	                 325	                 325	                 325	                 325	                 325	                 325	                 325	                 325	                 325	                 325	                 325	                 325	                 325	                 325	                 325	                 325	                 325	                 325	                 325	                 325	                 325	                 325
b                     :	                   1	                   1	                   1	                   1	                   1	                   1	                   1	                   1	                   1	                   1	                   2	                   2	                   2	                   2	                   2	                   2	                   2	                   2	                   2	                   2	                   2	                   2	                   2	                   2	                   2	                   2	                   2	                   2	                   2	                   2	                   2	                   2	                   2	                   2	                   2	                   6	                   6	                   6	                   6	                   6	                   6	                   6	                   6	                   6	                   6	                   6	                   6	                   6	                   6	                   6	                   8	                   8	                   8	                   8	                   8	                   9	                   9	                   9	                   9	                   9	                   9	                   9	                   9	                   9	                   9	                   9	                   9	                   9	                   9	                   9	                   9	                   9	                   9	                   9	                  12	                  12	                  12	                  12	                  12	                  12	                  12	                  12	                  12	                  12	                  12	                  12	                  12	                  12	                  12	                  12	                  12	                  12	                  12	                  12	                  12	                  12	                  12	                  12	                  12	                  12	                  12	                  12	                  12	                  12	                  12	                  12	                  12	                  12	                  12	                  12	                  12	                  12	                  12	                  12	                  12	                  12	                  12	                  12	                  12	                  12	                  12	                  12	                  12	                  12	                  12	                  12	                  12	                  12	                  12	                  12	                  12	                  12	                  12	                  12	                  12	                  12	                  12	                  56	                  56	                  56	                  56	                  56	                  56	                  56	                  56	                  56	                  56	                  56	                  56	                  56	                  56	                  56	                  56	                  56	                  56	                  56	                  56	                  56	                  56	                  56	                  56	                  56	                  56	                  56	                  56	                  56	                  56	                  56	                  56	                  56	                  56	                  56	                  56	                  56	                  56	                  56	                  56	                  56	                  56	                  56	                  56	                  56	                  56	                  56	                  56	                  56	                  56	                  56	                  56	                  56	                  56	                  56	                  56	                  56	                  56	                  56	                  56	                  56	                  56	                  56	                  56
p_                    :	  1.9003514254636213	  1.8650335292647990	  1.8297270315419947	  1.8297270315419947	  1.6305741077855480	  1.6305741077855480	  1.6305741077855480	  2.1366026945864953	  2.1008113711043945	  2.0650319814629712	  2.0292649495870259	  1.9935107060111394	  1.9577678259493214	  1.9577678259493214	  1.9522810804665887	  1.9522810804665887	  1.9522810804665887	  1.9522810804665887	  1.9522810804665887	  1.9522810804665887	  1.9522810804665887	  1.9522810804665887	  2.2732089129679811	  2.2732089129679811	  2.2732089129679811	  2.2732089129679811	  2.2732089129679811	  2.2732089129679811	  2.2732089129679811	  2.2732089129679811	  2.2732089129679811	  2.2732089129679811	  2.2732089129679811	  2.2732089129679811	  2.2732089129679811	  3.9951127168268425	  3.9570807400124850	  3.9190656558233030	  3.8810519796419207	  3.8810519796419207	  3.8695851079272043	  3.8695851079272043	  3.8695851079272043	  3.8695851079272043	  3.8695851079272043	  3.8695851079272043	  3.8695851079272043	  3.8695851079272043	  3.8695851079272043	  3.8695851079272043	  4.8589054723881153	  4.8589054723881153	  4.8589054723881153	  4.8589054723881153	  4.8589054723881153	  5.1432821520311540	  5.1432821520311540	  5.1399268101833204	  5.1399268101833204	  5.1399268101833204	  5.1399268101833204	  5.1399268101833204	  5.1399268101833204	  5.1399268101833204	  5.1399268101833204	  5.1399268101833204	  5.1399268101833204	  5.1399268101833204	  5.1399268101833204	  5.1399268101833204	  5.1399268101833204	  5.1399268101833204	  5.1399268101833204	  5.1399268101833204	  6.0899361656530786	  6.0899361656530786	  6.0899361656530786	  6.0899361656530786	  6.0899361656530786	  6.0899361656530786	  6.0899361656530786	  6.0899361656530786	  6.0899361656530786	  6.0899361656530786	  6.0899361656530786	  6.0899361656530786	  6.0899361656530786	  6.0899361656530786	  6.0899361656530786	  6.0899361656530786	  6.0899361656530786	  6.0899361656530786	  6.0899361656530786	  6.0899361656530786	  6.0899361656530786	  6.0899361656530786	  6.0899361656530786	  6.0899361656530786	  6.0899361656530786	  6.0899361656530786	  6.0899361656530786	  6.0899361656530786	  6.0899361656530786	  6.0899361656530786	  6.0899361656530786	  6.0899361656530786	  6.0899361656530786	  6.0899361656530786	  6.0899361656530786	  6.0899361656530786	  6.0899361656530786	  6.0899361656530786	  6.0899361656530786	  6.0899361656530786	  6.0899361656530786	  6.0899361656530786	  6.0899361656530786	  6.0899361656530786	  6.0899361656530786	  6.0899361656530786	  6.0899361656530786	  6.0899361656530786	  6.0899361656530786	  6.0899361656530786	  6.0899361656530786	  6.0899361656530786	  6.0899361656530786	  6.0899361656530786	  6.0899361656530786	  6.0899361656530786	  6.0899361656530786	  6.0899361656530786	  6.0899361656530786	  6.0899361656530786	  6.0899361656530786	  6.0899361656530786	  6.0899361656530786	 11.1304206690374379	 11.1304206690374379	 11.1304206690374379	 11.1304206690374379	 11.1304206690374379	 11.1304206690374379	 11.1304206690374379	 11.1304206690374379	 11.1304206690374379	 11.1304206690374379	 11.1304206690374379	 11.1304206690374379	 11.1304206690374379	 11.1304206690374379	 11.1304206690374379	 11.1304206690374379	 11.1304206690374379	 11.1304206690374379	 11.1304206690374379	 11.1304206690374379	 11.1304206690374379	 11.1304206690374379	 11.1304206690374379	 11.1304206690374379	 11.1304206690374379	 11.1304206690374379	 11.1304206690374379	 11.1304206690374379	 11.1304206690374379	 11.1304206690374379	 11.1304206690374379	 11.1304206690374379	 11.1304206690374379	 11.1304206690374379	 11.1304206690374379	 11.1304206690374379	 11.1304206690374379	 11.1304206690374379	 11.1304206690374379	 11.1304206690374379	 11.1304206690374379	 11.1304206690374379	 11.1304206690374379	 11.1304206690374379	 11.1304206690374379	 11.1304206690374379	 11.1304206690374379	 11.1304206690374379	 11.1304206690374379	 11.1304206690374379	 11.1304206690374379	 11.1304206690374379	 11.1304206690374379	 11.1304206690374379	 11.1304206690374379	 11.1304206690374379	 11.1304206690374379	 11.1304206690374379	 11.1304206690374379	 11.1304206690374379	 11.1304206690374379	 11.1304206690374379	 11.1304206690374379	 11.1304206690374379
r                     :	  0.2205179288291249	  0.1979561739213415	  0.1745192632361788	  0.1745192632361788	  0.0000000000000000	  0.0000000000000000	  0.0000000000000000	  0.1412171883259722	  0.1195788993214693	  0.0971029447498644	  0.0736854655654365	  0.0491631820477691	  0.0231964658080272	  0.0231964658080272	  0.0000000000000000	  0.0000000000000000	  0.0000000000000000	  0.0000000000000000	  0.0000000000000000	  0.0000000000000000	  0.0000000000000000	  0.0000000000000000	  0.0000000000000000	  0.0000000000000000	  0.0000000000000000	  0.0000000000000000	  0.0000000000000000	  0.0000000000000000	  0.0000000000000000	  0.0000000000000000	  0.0000000000000000	  0.0000000000000000	  0.0000000000000000	  0.0000000000000000	  0.0000000000000000	  0.0587636072892860	  0.0457723314072439	  0.0323929847381550	  0.0185046754176687	  0.0185046754176687	  0.0000000000000000	  0.0000000000000000	  0.0000000000000000	  0.0000000000000000	  0.0000000000000000	  0.0000000000000000	  0.0000000000000000	  0.0000000000000000	  0.0000000000000000	  0.0000000000000000	  0.0234775768005991	  0.0234775768005991	  0.0234775768005991	  0.0234775768005991	  0.0234775768005991	  0.0132854076393223	  0.0132854076393223	  0.0000000000000000	  0.0000000000000000	  0.0000000000000000	  0.0000000000000000	  0.0000000000000000	  0.0000000000000000	  0.0000000000000000	  0.0000000000000000	  0.0000000000000000	  0.0000000000000000	  0.0000000000000000	  0.0000000000000000	  0.0000000000000000	  0.0000000000000000	  0.0000000000000000	  0.0000000000000000	  0.0000000000000000	  0.0000000000000000	  0.0000000000000000	  0.0000000000000000	  0.0000000000000000	  0.0000000000000000	  0.0000000000000000	  0.0000000000000000	  0.0000000000000000	  0.0000000000000000	  0.0000000000000000	  0.0000000000000000	  0.0000000000000000	  0.0000000000000000	  0.0000000000000000	  0.0000000000000000	  0.0000000000000000	  0.0000000000000000	  0.0000000000000000	  0.0000000000000000	  0.0000000000000000	  0.0000000000000000	  0.0000000000000000	  0.0000000000000000	  0.0000000000000000	  0.0000000000000000	  0.0000000000000000	  0.0000000000000000	  0.0000000000000000	  0.0000000000000000	  0.0000000000000000	  0.0000000000000000	  0.0000000000000000	  0.0000000000000000	  0.0000000000000000	  0.0000000000000000	  0.0000000000000000	  0.0000000000000000	  0.0000000000000000	  0.0000000000000000	  0.0000000000000000	  0.0000000000000000	  0.0000000000000000	  0.0000000000000000	  0.0000000000000000	  0.0000000000000000	  0.0000000000000000	  0.0000000000000000	  0.0000000000000000	  0.0000000000000000	  0.0000000000000000	  0.0000000000000000	  0.0000000000000000	  0.0000000000000000	  0.0000000000000000	  0.0000000000000000	  0.0000000000000000	  0.0000000000000000	  0.0000000000000000	  0.0000000000000000	  0.0000000000000000	  0.0000000000000000	  0.0000000000000000	  0.0000000000000000	  0.0000000000000000	  0.0000000000000000	  0.0000000000000000	  0.0000000000000000	  0.0000000000000000	  0.0000000000000000	  0.0000000000000000	  0.0000000000000000	  0.0000000000000000	  0.0000000000000000	  0.0000000000000000	  0.0000000000000000	  0.0000000000000000	  0.0000000000000000	  0.0000000000000000	  0.0000000000000000	  0.0000000000000000	  0.0000000000000000	  0.0000000000000000	  0.0000000000000000	  0.0000000000000000	  0.0000000000000000	  0.0000000000000000	  0.0000000000000000	  0.0000000000000000	  0.0000000000000000	  0.0000000000000000	  0.0000000000000000	  0.0000000000000000	  0.0000000000000000	  0.0000000000000000	  0.0000000000000000	  0.0000000000000000	  0.0000000000000000	  0.0000000000000000	  0.0000000000000000	  0.0000000000000000	  0.0000000000000000	  0.0000000000000000	  0.0000000000000000	  0.0000000000000000	  0.0000000000000000	  0.0000000000000000	  0.0000000000000000	  0.0000000000000000	  0.0000000000000000	  0.0000000000000000	  0.0000000000000000	  0.0000000000000000	  0.0000000000000000	  0.0000000000000000	  0.0000000000000000	  0.0000000000000000	  0.0000000000000000	  0.0000000000000000	  0.0000000000000000	  0.0000000000000000	  0.0000000000000000	  0.0000000000000000	  0.0000000000000000	  0.0000000000000000	  0.0000000000000000	  0.0000000000000000	  0.0000000000000000
