DS-DOOM
-------
log2 # Instances      :	                   0	                   1	                   2	                   3	                   4	                   5	                   6	                   7	                   8	                   9	                  10	                  11	                  12	                  13	                  14	                  15	                  16	                  17	                  18	                  19	                  20	                  21	                  22	                  23	                  24	                  25	                  26	                  27	                  28	                  29	                  30	                  31	                  32	                  33	                  34	                  35	                  36	                  37	                  38	                  39	                  40	                  41	                  42	                  43	                  44	                  45	                  46	                  47	                  48	                  49	                  50	                  51	                  52	                  53	                  54	                  55	                  56	                  57	                  58	                  59	                  60	                  61	                  62	                  63	                  64	                  65	                  66	                  67	                  68	                  69	                  70	                  71	                  72	                  73	                  74	                  75	                  76	                  77	                  78	                  79	                  80	                  81	                  82	                  83	                  84	                  85	                  86	                  87	                  88	                  89	                  90	                  91	                  92	                  93	                  94	                  95	                  96	                  97	                  98	                  99	                 100	                 101	                 102	                 103	                 104	                 105	                 106	                 107	                 108	                 109	                 110	                 111	                 112	                 113	                 114	                 115	                 116	                 117	                 118	                 119	                 120	                 121	                 122	                 123	                 124	                 125	                 126	                 127	                 128	                 129	                 130	                 131	                 132	                 133	                 134	                 135	                 136	                 137	                 138	                 139	                 140	                 141	                 142	                 143	                 144	                 145	                 146	                 147	                 148	                 149	                 150	                 151	                 152	                 153	                 154	                 155	                 156	                 157	                 158	                 159	                 160	                 161	                 162	                 163	                 164	                 165	                 166	                 167	                 168	                 169	                 170	                 171	                 172	                 173	                 174	                 175	                 176	                 177	                 178	                 179	                 180	                 181	                 182	                 183	                 184	                 185	                 186	                 187	                 188	                 189	                 190	                 191	                 192	                 193	                 194	                 195	                 196	                 197	                 198	                 199	                 200	                 201
log2 # syndromes used :	 15.3223859088497196	 16.3223859088497214	 17.3223859088497214	 18.3223859088497214	 19.3223859088497214	 20.3223859088497214	 21.3223859088497214	 22.3223859088497214	 23.3223859088497214	 24.3223859088497214	 25.3223859088497214	 26.3223859088497214	 27.3223859088497214	 28.3223859088497214	 29.3223859088497214	 30.3223859088497214	 31.3223859088497214	 32.3223859088497179	 33.3223859088497179	 34.3223859088497179	 35.3223859088497179	 36.3223859088497179	 37.3223859088497179	 38.3223859088497179	 39.3223859088497179	 40.3223859088497179	 41.3223859088497179	 42.3223859088497179	 43.3223859088497179	 44.3223859088497179	 45.3223859088497179	 46.3223859088497179	 47.3223859088497179	 48.3223859088497179	 49.3223859088497179	 50.3223859088497179	 51.3223859088497179	 52.3223859088497179	 53.3223859088497179	 54.3223859088497179	 55.3223859088497179	 56.3223859088497179	 57.3223859088497179	 58.3223859088497179	 59.3223859088497179	 60.3223859088497179	 61.3223859088497179	 62.3223859088497179	 63.3223859088497179	 64.3223859088497250	 65.3223859088497250	 66.3223859088497250	 67.3223859088497250	 68.3223859088497250	 69.3223859088497250	 70.3223859088497250	 71.3223859088497250	 72.3223859088497250	 73.3223859088497250	 74.3223859088497250	 75.3223859088497250	 76.3223859088497250	 77.3223859088497250	 78.3223859088497250	 79.3223859088497250	 80.3223859088497250	 81.3223859088497250	 82.3223859088497250	 83.3223859088497250	 84.3223859088497250	 85.3223859088497250	 86.3223859088497250	 87.3223859088497250	 88.3223859088497250	 89.3223859088497250	 90.3223859088497250	 91.3223859088497250	 92.3223859088497250	 93.3223859088497250	 94.3223859088497250	 95.3223859088497250	 96.3223859088497250	 97.3223859088497250	 98.3223859088497250	 99.3223859088497250	100.3223859088497250	101.3223859088497250	102.3223859088497250	103.3223859088497250	104.3223859088497250	105.3223859088497250	106.3223859088497250	107.3223859088497250	108.3223859088497250	109.3223859088497250	110.3223859088497250	111.3223859088497250	112.3223859088497250	113.3223859088497250	114.3223859088497250	115.3223859088497250	116.3223859088497250	117.3223859088497250	118.3223859088497250	119.3223859088497250	120.3223859088497250	121.3223859088497250	122.3223859088497250	123.3223859088497250	124.3223859088497250	125.3223859088497250	126.3223859088497250	127.3223859088497250	128.3223859088497250	129.3223859088497250	130.3223859088497250	131.3223859088497250	132.3223859088497250	133.3223859088497250	134.3223859088497250	135.3223859088497250	136.3223859088497250	137.3223859088497250	138.3223859088497250	139.3223859088497250	140.3223859088497250	141.3223859088497250	142.3223859088497250	143.3223859088497250	144.3223859088497250	145.3223859088497250	146.3223859088497250	147.3223859088497250	148.3223859088497250	149.3223859088497250	150.3223859088497250	151.3223859088497250	152.3223859088497250	153.3223859088497250	154.3223859088497250	155.3223859088497250	156.3223859088497250	157.3223859088497250	158.3223859088497250	159.3223859088497250	160.3223859088497250	161.3223859088497250	162.3223859088497250	163.3223859088497250	164.3223859088497250	165.3223859088497250	166.3223859088497250	167.3223859088497250	168.3223859088497250	169.3223859088497250	170.3223859088497250	171.3223859088497250	172.3223859088497250	173.3223859088497250	174.3223859088497250	175.3223859088497250	176.3223859088497250	177.3223859088497250	178.3223859088497250	179.3223859088497250	180.3223859088497250	181.3223859088497250	182.3223859088497250	183.3223859088497250	184.3223859088497250	185.3223859088497250	186.3223859088497250	186.3223859088497250	186.3223859088497250	186.3223859088497250	186.3223859088497250	186.3223859088497250	186.3223859088497250	186.3223859088497250	186.3223859088497250	186.3223859088497250	186.3223859088497250	186.3223859088497250	186.3223859088497250	186.3223859088497250	186.3223859088497250	186.3223859088497250	186.3223859088497250	186.3223859088497250	186.3223859088497250	186.3223859088497250	186.3223859088497250	186.3223859088497250	186.3223859088497250	186.3223859088497250	186.3223859088497250	186.3223859088497250	186.3223859088497250	186.3223859088497250	186.3223859088497250	186.3223859088497250	186.3223859088497250
Runtime               :	288.1958658648680398	287.2404902400166975	287.1617239700673849	286.2378399805629670	286.1954493237027464	285.3238177259659096	285.2973769028291144	284.4059002098836118	284.4052910285483335	283.4436679086180106	283.4428829496913522	282.5086548365515569	282.5076828726773215	281.6245064487782201	281.6237465340487915	280.6310946185411126	280.5689058853803886	279.6586844915395886	279.6229204112757429	278.7715896944259271	278.7469697777348756	277.8407411868764143	277.8396879326701878	276.8978881768547353	276.8964078465456851	275.9980143569484881	275.9960812875685860	275.1739345908651444	275.0581711587634572	274.1335314608261911	274.0519059158775121	273.1785351649972995	273.1318817463748019	272.3402016737368285	272.2517712970715138	271.6318010990980838	271.3103417923837242	271.0655864447954286	270.4125382567268616	270.4101068266115817	269.5908305588479834	269.5882676988674120	268.5794262504077210	268.4803032194369621	267.6055282239195208	267.5499874671652378	266.7572506265581751	266.7211043320039039	266.0438362802609618	266.0123777006721184	265.4749704619753174	265.4403642324181192	264.8628499765000583	264.8603279765365528	264.0692090400946199	263.8527038464850989	262.9368470763039340	262.8727939529762239	262.0147253045565208	261.9765933928484856	261.2075778220951179	261.1199376737205284	260.5309822634753232	260.2100246458480797	259.9949910065292897	259.3667813961129696	259.3634164172457304	258.4523510535626656	258.3203815101772420	257.4276576100637612	257.3550877791032576	256.5358729366624857	256.4923279341232956	255.7800356489076421	255.7462714053692423	255.1686613520326716	255.1340234224893493	254.6997615356494862	254.6591379179947126	253.9478261407404602	253.7312297776666412	252.8207433993388804	252.7395812735381071	251.8920444789083319	251.8450361673442899	251.0925724475530671	251.0586618085801263	250.4323921483465369	250.3993911206383984	249.9156517196647371	249.8771582221384051	249.3248160685890866	249.1591444513842646	248.2408207907774624	248.1512640317808120	247.2911266268293105	247.2402283528721227	246.4695883332574624	246.4344680124968647	245.7853948556098658	245.7524067076201959	245.2442919920806332	245.2064938725879699	244.7471201747357554	244.6000012540151829	243.6806315104773546	243.5830954213769814	242.7219298385356296	242.6669041342942421	241.8950811263307514	241.8581342407618422	241.2076127870729749	241.1738033732937652	240.6641374578991872	240.6258423098115031	240.2105073609005785	240.0526917726250247	239.1382632247339473	239.0332600383922852	238.1811267108606671	238.1221259173246381	237.3642910184562425	237.3247655964394198	236.6923952156533346	236.6566453439982922	236.1660720644772482	236.1259557578508748	235.7186289344187173	235.5181293137045486	234.6150501199095686	234.5034195013031706	233.6711820707209029	233.6082684918239352	232.8798997056159124	232.8376560864952864	232.2417716694077683	232.2032686533163712	231.7504883643258040	231.7073516027276128	231.2822314743326615	230.9991171872185589	230.1157143155022879	229.9986678133740554	229.1995337225263540	229.1332698630529308	228.4516650627131753	228.4060245788192560	227.8650691110633772	227.8230130516344900	227.4230509752489979	227.3762846439732073	227.0932295695523919	226.5012553302046001	226.3749066510052046	225.5284468028820015	225.4582149740456600	224.7103508595748735	224.6650481053273154	224.0455781233175117	224.0064118257084829	223.5294498399263716	223.4868786633417983	223.1413430128633593	222.9166663268471211	222.0343815917417203	221.9041894543642002	221.1082528577263133	221.0352305245224613	220.3591255843273871	220.3102416050654426	219.7756682874180001	219.7314981295267273	219.7314981295267273	219.7314981295267273	219.7314981295267273	219.7314981295267273	219.7314981295267273	219.7314981295267273	219.7314981295267273	219.7314981295267273	219.7314981295267273	219.7314981295267273	219.7314981295267273	219.7314981295267273	219.7314981295267273	219.7314981295267273	219.7314981295267273	219.7314981295267273	219.7314981295267273	219.7314981295267273	219.7314981295267273	219.7314981295267273	219.7314981295267273	219.7314981295267273	219.7314981295267273	219.7314981295267273	219.7314981295267273	219.7314981295267273	219.7314981295267273	219.7314981295267273	219.7314981295267273	219.7314981295267273
Speedups              :	  0.0000000000000000	  0.9553756248513423	  0.5170709474003274	  0.6526752947683576	  0.5001041352913234	  0.5744096277804260	  0.4830814936731542	  0.5414236649977754	  0.4738218545399633	  0.5280219951388921	  0.4752982915176688	  0.5170191843924076	  0.4740152493492265	  0.5054891858530630	  0.4694370950585177	  0.5043180830884618	  0.4766849987179782	  0.5021871396075559	  0.4762747474217943	  0.4960145352864270	  0.4724448043566582	  0.4931011751424584	  0.4707353605544478	  0.4912164212179698	  0.4708107507634314	  0.4879140603167821	  0.4692224837422867	  0.4822937508889961	  0.4692033823608779	  0.4849080828979948	  0.4714653316330176	  0.4844300225764755	  0.4707495037029137	  0.4804746724585215	  0.4689439578763684	  0.4732589933077130	  0.4690423353467865	  0.4629805248668273	  0.4679823054773994	  0.4560451035450374	  0.4651258826505014	  0.4538438577073324	  0.4670580860585790	  0.4585014568704902	  0.4679622191124663	  0.4587972977267289	  0.4660568530067362	  0.4569098198481731	  0.4615006163459808	  0.4527242482488963	  0.4544179080578544	  0.4461863065186259	  0.4487118440070766	  0.4402931677043677	  0.4467899411995078	  0.4426029457887807	  0.4510539069386447	  0.4442644195068740	  0.4513989751777848	  0.4443944486782975	  0.4498048007128820	  0.4438676752647133	  0.4462078000224632	  0.4442197018892057	  0.4406386696615430	  0.4435243764423857	  0.4368552946609441	  0.4439330568851548	  0.4393453581572176	  0.4459160616638301	  0.4405825440823540	  0.4459153933550078	  0.4403269157047881	  0.4440524687117863	  0.4385080332364703	  0.4403627268378049	  0.4350242426628775	  0.4350143419379033	  0.4299580506009401	  0.4335194901788301	  0.4308079510900175	  0.4367299069818415	  0.4323937145284138	  0.4373954383850567	  0.4327479725895684	  0.4365093343213526	  0.4318279541428827	  0.4340629162818563	  0.4295053948207914	  0.4301147656764416	  0.4257634182525515	  0.4271543933657028	  0.4243121892769975	  0.4296241405816191	  0.4260064024796514	  0.4305762025056709	  0.4266212240832908	  0.4301678096042327	  0.4261367127792977	  0.4283885960531129	  0.4244345915724784	  0.4252631076513604	  0.4214644312968635	  0.4218324824284688	  0.4191910058735852	  0.4239546128989589	  0.4208751928631232	  0.4249900563208637	  0.4215644604682759	  0.4247778416379568	  0.4212521056736927	  0.4233175952954510	  0.4198398436747703	  0.4206347646634412	  0.4172809083776889	  0.4172639869910214	  0.4150273628641639	  0.4192957490609752	  0.4166322527667437	  0.4202919256639275	  0.4172811662295283	  0.4200956598877008	  0.4169762317084313	  0.4187274036521521	  0.4156388751683044	  0.4162383504031263	  0.4132532548175966	  0.4132065900035380	  0.4115448168059648	  0.4153551608136316	  0.4130188181812682	  0.4162189602606652	  0.4135424043412432	  0.4159095199943769	  0.4131209684953190	  0.4144747718182242	  0.4117102736143505	  0.4120100547484835	  0.4093370598705828	  0.4094506071261538	  0.4085482048403534	  0.4119159684352181	  0.4098394228978450	  0.4125617632331586	  0.4101569166792716	  0.4120289710493439	  0.4095194608633478	  0.4104135833592154	  0.4079246811704970	  0.4078712408699264	  0.4054638748059656	  0.4046532204987791	  0.4058855956227858	  0.4040585569533519	  0.4069312926102989	  0.4047590380053057	  0.4069584295211101	  0.4046548901881575	  0.4060144793769021	  0.4037072581079217	  0.4041651001558854	  0.4019191751647593	  0.4015711287160783	  0.4004858867363247	  0.4034236845922337	  0.4017677358212354	  0.4041422470309742	  0.4021594930559615	  0.4037901207175039	  0.4016900843775302	  0.4024717504555885	  0.4003764195049200	  0.3980486496240774	  0.3957477903776955	  0.3934733777893179	  0.3912249584876646	  0.3890020894053484	  0.3868043374878040	  0.3846312794120298	  0.3824825013147559	  0.3803575985296739	  0.3782561753333774	  0.3761778446996775	  0.3741222280619744	  0.3720889550833767	  0.3700776634342773	  0.3680879985771038	  0.3661196135579750	  0.3641721688050070	  0.3622453319330228	  0.3603387775544279	  0.3584521870960278	  0.3565852486215693	  0.3547376566597996	  0.3529091120378418	  0.3510993217196990	  0.3493079986497006	  0.3475348616007173	  0.3457796350269763	  0.3440420489213131	  0.3423218386767066	  0.3406187449519468
Memory                :	 32.2297695288624908	 32.6448070281413365	 33.2297695288624908	 33.9667351230286982	 34.8147320295836451	 35.7322698693916720	 36.6892011474997872	 37.7571380064523510	 38.7036109633048255	 39.6761407466747400	 40.6609820292278172	 41.6533570184745230	 42.6492015716103481	 43.6471229909610869	 44.6459956102248512	 45.6461532365532960	 46.6461312238141161	 47.6461553951355583	 48.6461498918562896	 49.6461823171680265	 50.6461809413423083	 51.7602230791384983	 52.7055446217484587	 53.6771444667468387	 54.6615826445427118	 55.6536660063296722	 56.6493822139344658	 57.6472157609582538	 58.6465664608427844	 59.6466016248253226	 60.6466016234817360	 61.6466367886224518	 62.6466367882865569	 63.6466719530739695	 64.8182694467166982	 65.6467071170462617	 66.6940541471071811	 67.6467422802559497	 68.6583407602793301	 69.6518149231861798	 70.6484892379689455	 71.6467095697015139	 72.6470587108554184	 73.6470587108552479	 74.6470938655279923	 75.6470938655279497	 76.6471290193441632	 77.6471290193441490	 78.6471641723038033	 79.6471641723038033	 80.6471993244069267	 81.6471993244069267	 82.6531728398578025	 83.6491393877512053	 84.6470787527605637	 85.6474805104022465	 86.6475156547985534	 87.6475156547985534	 88.6475507983387701	 89.6475507983387701	 90.6475859410229248	 91.7523337405713022	 92.6476210828510460	 93.6747905918547161	 94.6476562238231907	 95.6529997580771436	 96.6490532688001451	 97.6479373207900778	 98.6479373207900778	 99.6479724540602803	100.6479724540602803	101.6480075864749182	102.6480075864749182	103.6480427180340484	104.6480427180340484	105.6480778487376853	106.6480778487376853	107.6481129785858855	108.6481129785858855	109.6483378754378180	110.6483588635745150	111.6483939865807145	112.6483939865807145	113.6484291087318468	114.6484291087318468	115.6484642300279546	116.6484642300279546	117.6484993504690806	118.6484993504690806	119.6485344700552673	120.6485344700552673	121.6496813924439948	122.6487802832238287	123.6488153959720222	124.6488153959720222	125.6488505078656317	126.6488505078656317	127.6488856189047283	128.6488856189047567	129.6489207290893546	130.6489207290893546	131.6489558384195391	132.6489558384195391	133.6507661328065240	134.6492015798099828	135.6492366823061388	136.6492366823061388	137.6492717839482225	138.6492717839482225	139.6493068847362906	140.6493068847362906	141.6493419846704001	142.6493419846704001	143.6493770837505508	144.6493770837505508	145.6513477328121553	146.6496227534047705	147.6496578456548718	148.6496578456548718	149.6496929370514408	150.6496929370514408	151.6497280275944775	152.6497280275944775	153.6497631172840101	154.6497631172840101	155.6497982061201242	156.6497982061201242	157.6513279003468142	158.6500438040799850	159.6500788860900570	160.6500788860900570	161.6501139672470515	162.6501139672470515	163.6501490475510252	164.6501490475510252	165.6501841270020066	166.6501841270020066	167.6502192056000524	168.6502192056000524	169.6507622607503833	170.6504647319073911	171.6504998036833740	172.6504998036833740	173.6505348746067909	174.6505348746067909	175.6505699446776703	176.6505699446776703	177.6506050138960688	178.6506050138960688	179.6506400822620151	180.6506400822620151	181.6506751497755658	182.6508855369586399	183.6508855369586399	184.6509205985065307	185.6509205985065307	186.6509556592023102	187.6509556592023102	188.6509907190460922	189.6509907190460922	190.6510257780378481	191.6510257780378481	192.6510608361776633	193.6512711671280158	194.6513062193053258	195.6513062193053258	196.6513412706310646	197.6513412706310646	198.6513763211052037	199.6513763211052037	200.6514113707278000	201.6514113707278000	201.6514113707278000	201.6514113707278000	201.6514113707278000	201.6514113707278000	201.6514113707278000	201.6514113707278000	201.6514113707278000	201.6514113707278000	201.6514113707278000	201.6514113707278000	201.6514113707278000	201.6514113707278000	201.6514113707278000	201.6514113707278000	201.6514113707278000	201.6514113707278000	201.6514113707278000	201.6514113707278000	201.6514113707278000	201.6514113707278000	201.6514113707278000	201.6514113707278000	201.6514113707278000	201.6514113707278000	201.6514113707278000	201.6514113707278000	201.6514113707278000	201.6514113707278000	201.6514113707278000	201.6514113707278000
p                     :	                   2	                   2	                   2	                   2	                   2	                   2	                   2	                   3	                   3	                   3	                   3	                   3	                   3	                   3	                   3	                   3	                   3	                   3	                   3	                   3	                   3	                   4	                   4	                   4	                   4	                   4	                   4	                   4	                   4	                   4	                   4	                   4	                   4	                   4	                   5	                   4	                   5	                   4	                   5	                   5	                   5	                   5	                   5	                   5	                   5	                   5	                   5	                   5	                   5	                   5	                   5	                   5	                   6	                   6	                   6	                   6	                   6	                   6	                   6	                   6	                   6	                   7	                   6	                   7	                   6	                   7	                   7	                   7	                   7	                   7	                   7	                   7	                   7	                   7	                   7	                   7	                   7	                   7	                   7	                   8	                   8	                   8	                   8	                   8	                   8	                   8	                   8	                   8	                   8	                   8	                   8	                   9	                   9	                   9	                   9	                   9	                   9	                   9	                   9	                   9	                   9	                   9	                   9	                  10	                  10	                  10	                  10	                  10	                  10	                  10	                  10	                  10	                  10	                  10	                  10	                  11	                  11	                  11	                  11	                  11	                  11	                  11	                  11	                  11	                  11	                  11	                  11	                  12	                  12	                  12	                  12	                  12	                  12	                  12	                  12	                  12	                  12	                  12	                  12	                  13	                  13	                  13	                  13	                  13	                  13	                  13	                  13	                  13	                  13	                  13	                  13	                  13	                  14	                  14	                  14	                  14	                  14	                  14	                  14	                  14	                  14	                  14	                  14	                  15	                  15	                  15	                  15	                  15	                  15	                  15	                  15	                  15	                  15	                  15	                  15	                  15	                  15	                  15	                  15	                  15	                  15	                  15	                  15	                  15	                  15	                  15	                  15	                  15	                  15	                  15	                  15	                  15	                  15	                  15	                  15	                  15	                  15	                  15	                  15	                  15	                  15	                  15
l                     :	                  22	                  23	                  23	                  24	                  24	                  25	                  25	                  33	                  33	                  34	                  34	                  35	                  35	                  36	                  36	                  37	                  37	                  38	                  38	                  39	                  39	                  47	                  47	                  48	                  48	                  49	                  49	                  50	                  50	                  51	                  51	                  52	                  52	                  53	                  60	                  54	                  61	                  55	                  62	                  62	                  63	                  63	                  64	                  64	                  65	                  65	                  66	                  66	                  67	                  67	                  68	                  68	                  75	                  75	                  76	                  76	                  77	                  77	                  78	                  78	                  79	                  86	                  80	                  87	                  81	                  88	                  88	                  89	                  89	                  90	                  90	                  91	                  91	                  92	                  92	                  93	                  93	                  94	                  94	                 101	                 101	                 102	                 102	                 103	                 103	                 104	                 104	                 105	                 105	                 106	                 106	                 113	                 113	                 114	                 114	                 115	                 115	                 116	                 116	                 117	                 117	                 118	                 118	                 125	                 125	                 126	                 126	                 127	                 127	                 128	                 128	                 129	                 129	                 130	                 130	                 137	                 137	                 138	                 138	                 139	                 139	                 140	                 140	                 141	                 141	                 142	                 142	                 149	                 149	                 150	                 150	                 151	                 151	                 152	                 152	                 153	                 153	                 154	                 154	                 161	                 161	                 162	                 162	                 163	                 163	                 164	                 164	                 165	                 165	                 166	                 166	                 167	                 173	                 173	                 174	                 174	                 175	                 175	                 176	                 176	                 177	                 177	                 178	                 184	                 185	                 185	                 186	                 186	                 187	                 187	                 188	                 188	                 188	                 188	                 188	                 188	                 188	                 188	                 188	                 188	                 188	                 188	                 188	                 188	                 188	                 188	                 188	                 188	                 188	                 188	                 188	                 188	                 188	                 188	                 188	                 188	                 188	                 188	                 188	                 188	                 188	                 188
r                     :	  0.2465582503801888	  0.2299019967498702	  0.2132173670089370	  0.1965015839462974	  0.1797483651686882	  0.1629532228409152	  0.1461072018811935	  0.2472360073024278	  0.2358495679387543	  0.2244533629143051	  0.2130450414633525	  0.2016247696713168	  0.1901897837504221	  0.1787400013326486	  0.1672721039303879	  0.1557855821424999	  0.1442763255195584	  0.1327430871231970	  0.1211805374751537	  0.1095861054698837	  0.0979523954830277	  0.1844599403595815	  0.1756963275933132	  0.1669243497174120	  0.1581415103146064	  0.1493484820681909	  0.1405424091197748	  0.1317237301491836	  0.1228890979397908	  0.1140385496417617	  0.1051680205951045	  0.0962768470251763	  0.0873598274188946	  0.0784150107597609	  0.1507828219206041	  0.0604158235900391	  0.1364615743764092	  0.0422138011768517	  0.1221064195422722	  0.1149135108486059	  0.1077102794460639	  0.1004934851484865	  0.0932636382521263	  0.0860169006845332	  0.0787532029981986	  0.0714677600407106	  0.0641594356695176	  0.0568217753519385	  0.0494514895749883	  0.0420387020394949	  0.0345750084000976	  0.0270415880502755	  0.0959409823835004	  0.0898281525135269	  0.0837052472677730	  0.0775687885713816	  0.0714193394113679	  0.0652527399893763	  0.0590688291917964	  0.0528622966400862	  0.0466315748611519	  0.1022026034155898	  0.0340703070269561	  0.0916113697204877	  0.0213118009803209	  0.0809898012031097	  0.0756650304466570	  0.0703310343225525	  0.0649842866450017	  0.0596255136217193	  0.0542505127536084	  0.0488592701904585	  0.0434464101889893	  0.0380104423940796	  0.0325436413263546	  0.0270410928156029	  0.0214891693517905	  0.0158723864938610	  0.0101538921162876	  0.0639616845459402	  0.0592230216340952	  0.0544742364149754	  0.0497113785807723	  0.0449348864814375	  0.0401398544919760	  0.0353255499717165	  0.0304852060947142	  0.0256154540855811	  0.0207050630009585	  0.0157430113149146	  0.0107022321520746	  0.0582505931462275	  0.0539884727443732	  0.0497175199412734	  0.0454339231498446	  0.0411384159025297	  0.0368263562175019	  0.0324974748699783	  0.0281455326027689	  0.0237680309960621	  0.0193549784184356	  0.0148975729961827	  0.0103730868604437	  0.0530569048320574	  0.0491785254929602	  0.0452921955659327	  0.0413941701622726	  0.0374853779731987	  0.0335613117925319	  0.0296219838204067	  0.0256614215645749	  0.0216775984758760	  0.0176611031050926	  0.0136041446587814	  0.0094856615005757	  0.0482816474973377	  0.0447189950810127	  0.0411489818831880	  0.0375678789613854	  0.0339767391659220	  0.0303710991604172	  0.0267511240932720	  0.0231109246271070	  0.0194486663937858	  0.0157550566362693	  0.0120224747414449	  0.0082296785080655	  0.0438523818672764	  0.0405540418620412	  0.0372487057713028	  0.0339326203410420	  0.0306069057922485	  0.0272670689338474	  0.0239133223692511	  0.0205397057764906	  0.0171443365128687	  0.0137176279272455	  0.0102513353920122	  0.0067221153259728	  0.0397143170435995	  0.0366404048458022	  0.0335596729556215	  0.0304683073360215	  0.0273674436516092	  0.0242524889102851	  0.0211236005596668	  0.0179745899351610	  0.0148032675863434	  0.0115992729836785	  0.0083527042096096	  0.0050351054852781	  0.0015726342169216	  0.0329437419751044	  0.0300544694669991	  0.0271571391480080	  0.0242474793610069	  0.0213261411671157	  0.0183876281951580	  0.0154308729138356	  0.0124474181924191	  0.0094311203920601	  0.0063628269948589	  0.0032081004759806	  0.0321487960096552	  0.0294362003831672	  0.0267139281343905	  0.0239833287275476	  0.0212399366749218	  0.0184842153155458	  0.0157102434063454	  0.0129163426063243	  0.0100927562238087	  0.0100927562238087	  0.0100927562238087	  0.0100927562238087	  0.0100927562238087	  0.0100927562238087	  0.0100927562238087	  0.0100927562238087	  0.0100927562238087	  0.0100927562238087	  0.0100927562238087	  0.0100927562238087	  0.0100927562238087	  0.0100927562238087	  0.0100927562238087	  0.0100927562238087	  0.0100927562238087	  0.0100927562238087	  0.0100927562238087	  0.0100927562238087	  0.0100927562238087	  0.0100927562238087	  0.0100927562238087	  0.0100927562238087	  0.0100927562238087	  0.0100927562238087	  0.0100927562238087	  0.0100927562238087	  0.0100927562238087	  0.0100927562238087	  0.0100927562238087

MMT-DOOM
--------
log2 # Instances      :	                   0	                   1	                   2	                   3	                   4	                   5	                   6	                   7	                   8	                   9	                  10	                  11	                  12	                  13	                  14	                  15	                  16	                  17	                  18	                  19	                  20	                  21	                  22	                  23	                  24	                  25	                  26	                  27	                  28	                  29	                  30	                  31	                  32	                  33	                  34	                  35	                  36	                  37	                  38	                  39	                  40	                  41	                  42	                  43	                  44	                  45	                  46	                  47	                  48	                  49	                  50	                  51	                  52	                  53	                  54	                  55	                  56	                  57	                  58	                  59	                  60	                  61	                  62	                  63	                  64	                  65	                  66	                  67	                  68	                  69	                  70	                  71	                  72	                  73	                  74	                  75	                  76	                  77	                  78	                  79	                  80	                  81	                  82	                  83	                  84	                  85	                  86	                  87	                  88	                  89	                  90	                  91	                  92	                  93	                  94	                  95	                  96	                  97	                  98	                  99	                 100	                 101	                 102	                 103	                 104	                 105	                 106	                 107	                 108	                 109	                 110	                 111	                 112	                 113	                 114	                 115	                 116	                 117	                 118	                 119	                 120	                 121	                 122	                 123	                 124	                 125	                 126	                 127	                 128	                 129	                 130	                 131	                 132	                 133	                 134	                 135	                 136	                 137	                 138	                 139	                 140	                 141	                 142	                 143	                 144	                 145	                 146	                 147	                 148	                 149	                 150	                 151	                 152	                 153	                 154	                 155	                 156	                 157	                 158	                 159	                 160	                 161	                 162	                 163	                 164	                 165	                 166	                 167	                 168	                 169	                 170	                 171	                 172	                 173	                 174	                 175	                 176	                 177	                 178	                 179	                 180	                 181	                 182	                 183	                 184	                 185	                 186	                 187	                 188	                 189	                 190	                 191	                 192	                 193	                 194	                 195	                 196	                 197	                 198	                 199	                 200	                 201
log2 # syndromes used :	 15.3223859088497196	 16.3223859088497214	 16.3223859088497214	 16.3223859088497214	 19.0994685299615981	 19.0994685299615981	 21.3223859088497214	 22.3223859088497214	 23.3223859088497214	 24.3223859088497214	 25.3223859088497214	 26.3223859088497214	 26.3223859088497214	 27.9833350904542648	 27.9833350904542648	 27.9833350904542648	 27.9833350904542648	 27.9833350904542648	 27.9833350904542648	 27.9833350904542648	 27.9833350904542648	 36.3223859088497179	 36.4777404673960817	 36.4777404673960817	 36.4777404673960817	 36.4777404673960817	 36.4777404673960817	 36.4777404673960817	 36.4777404673960817	 36.4777404673960817	 36.4777404673960817	 45.3639003589964886	 47.3223859088497179	 48.3223859088497179	 49.3223859088497179	 50.3223859088497179	 51.3223859088497179	 51.3223859088497179	 51.3223859088497179	 53.5837671236170578	 53.5837671236170578	 53.5837671236170578	 53.5837671236170578	 53.5837671236170578	 53.5837671236170578	 53.5837671236170578	 61.3223859088497179	 61.3223859088497179	 63.3223859088497179	 63.3223859088497179	 63.3223859088497179	 63.3223859088497179	 63.3223859088497179	 63.3223859088497179	 63.3223859088497179	 70.0873491474105776	 70.0873491474105776	 70.0873491474105776	 70.0873491474105776	 70.0873491474105776	 70.0873491474105776	 70.0873491474105776	 70.0873491474105776	 70.0873491474105776	 70.0873491474105776	 70.0873491474105776	 70.0873491474105776	 70.0873491474105776	 70.0873491474105776	 70.0873491474105776	 70.0873491474105776	 85.6019995834527379	 85.6019995834527379	 85.6019995834527379	 85.6019995834527379	 85.6019995834527379	 85.6019995834527379	 85.6019995834527379	 85.6019995834527379	 85.6019995834527379	 85.6019995834527379	 85.6019995834527379	 85.6019995834527379	 85.6019995834527379	 85.6019995834527379	 85.6019995834527379	 85.6019995834527379	101.3817898785143399	101.3817898785143399	101.3817898785143399	101.3817898785143399	101.3817898785143399	101.3817898785143399	101.3817898785143399	101.3817898785143399	101.3817898785143399	101.3817898785143399	101.3817898785143399	101.3817898785143399	101.3817898785143399	101.3817898785143399	101.3817898785143399	101.3817898785143399	101.3817898785143399	101.3817898785143399	101.3817898785143399	101.3817898785143399	101.3817898785143399	101.3817898785143399	101.3817898785143399	101.3817898785143399	101.3817898785143399	101.3817898785143399	101.3817898785143399	101.3817898785143399	101.3817898785143399	101.3817898785143399	101.3817898785143399	101.3817898785143399	101.3817898785143399	101.3817898785143399	101.3817898785143399	101.3817898785143399	101.3817898785143399	138.6074849418922668	138.6074849418922668	138.6074849418922668	138.6074849418922668	138.6074849418922668	138.6074849418922668	138.6074849418922668	138.6074849418922668	146.4442280274369637	146.4442280274369637	146.4442280274369637	146.4442280274369637	146.4442280274369637	146.4442280274369637	146.4442280274369637	146.4442280274369637	146.4442280274369637	146.4442280274369637	146.4442280274369637	146.4442280274369637	146.4442280274369637	146.4442280274369637	146.4442280274369637	146.4442280274369637	146.4442280274369637	146.4442280274369637	146.4442280274369637	146.4442280274369637	146.4442280274369637	146.4442280274369637	146.4442280274369637	146.4442280274369637	146.4442280274369637	146.4442280274369637	146.4442280274369637	146.4442280274369637	146.4442280274369637	146.4442280274369637	146.4442280274369637	146.4442280274369637	146.4442280274369637	146.4442280274369637	146.4442280274369637	146.4442280274369637	146.4442280274369637	146.4442280274369637	146.4442280274369637	146.4442280274369637	146.4442280274369637	146.4442280274369637	146.4442280274369637	146.4442280274369637	146.4442280274369637	146.4442280274369637	146.4442280274369637	146.4442280274369637	146.4442280274369637	146.4442280274369637	146.4442280274369637	146.4442280274369637	146.4442280274369637	146.4442280274369637	146.4442280274369637	146.4442280274369637	146.4442280274369637	146.4442280274369637	146.4442280274369637	146.4442280274369637	146.4442280274369637	146.4442280274369637	146.4442280274369637	146.4442280274369637	146.4442280274369637	146.4442280274369637	146.4442280274369637	146.4442280274369637	146.4442280274369637	146.4442280274369637
Runtime               :	278.2596562613609876	278.1521989673832422	278.1521989673832422	278.1521989673832422	277.5660325926248220	277.5660325926248220	277.5017065657668240	276.4933195879299888	275.5765269825441806	274.8519761909952877	273.2636798680525771	272.5409176069053956	272.5409176069053956	271.6927905162506818	271.6927905162506818	271.6927905162506818	271.6927905162506818	271.6927905162506818	271.6927905162506818	271.6927905162506818	271.6927905162506818	271.6090293980796559	269.3677536888855570	269.3677536888855570	269.3677536888855570	269.3677536888855570	269.3677536888855570	269.3677536888855570	269.3677536888855570	269.3677536888855570	269.3677536888855570	269.1930730581073021	269.0863231569254594	268.3531502557610224	267.8860616121853013	267.3270368993004240	266.8358766055870888	266.8358766055870888	266.8358766055870888	266.1710569703843703	266.1710569703843703	266.1710569703843703	266.1710569703843703	266.1710569703843703	266.1710569703843703	266.1710569703843703	266.0555049433737622	266.0555049433737622	265.2008854217754106	265.2008854217754106	265.2008854217754106	265.2008854217754106	265.2008854217754106	265.2008854217754106	265.2008854217754106	262.9601833536236200	262.9601833536236200	262.9601833536236200	262.9601833536236200	262.9601833536236200	262.9601833536236200	262.9601833536236200	262.9601833536236200	262.9601833536236200	262.9601833536236200	262.9601833536236200	262.9601833536236200	262.9601833536236200	262.9601833536236200	262.9601833536236200	262.9601833536236200	258.7879674236307892	258.7879674236307892	258.7879674236307892	258.7879674236307892	258.7879674236307892	258.7879674236307892	258.7879674236307892	258.7879674236307892	258.7879674236307892	258.7879674236307892	258.7879674236307892	258.7879674236307892	258.7879674236307892	258.7879674236307892	258.7879674236307892	258.7879674236307892	258.2878127553304353	258.2878127553304353	258.2878127553304353	258.2878127553304353	258.2878127553304353	258.2878127553304353	258.2878127553304353	258.2878127553304353	258.2878127553304353	258.2878127553304353	258.2878127553304353	258.2878127553304353	258.2878127553304353	258.2878127553304353	258.2878127553304353	258.2878127553304353	258.2878127553304353	258.2878127553304353	258.2878127553304353	258.2878127553304353	258.2878127553304353	258.2878127553304353	258.2878127553304353	258.2878127553304353	258.2878127553304353	258.2878127553304353	258.2878127553304353	258.2878127553304353	258.2878127553304353	258.2878127553304353	258.2878127553304353	258.2878127553304353	258.2878127553304353	258.2878127553304353	258.2878127553304353	258.2878127553304353	258.2878127553304353	258.2743109088710867	258.2743109088710867	258.2743109088710867	258.2743109088710867	258.2743109088710867	258.2743109088710867	258.2743109088710867	258.2743109088710867	255.5100844646867415	255.5100844646867415	255.5100844646867415	255.5100844646867415	255.5100844646867415	255.5100844646867415	255.5100844646867415	255.5100844646867415	255.5100844646867415	255.5100844646867415	255.5100844646867415	255.5100844646867415	255.5100844646867415	255.5100844646867415	255.5100844646867415	255.5100844646867415	255.5100844646867415	255.5100844646867415	255.5100844646867415	255.5100844646867415	255.5100844646867415	255.5100844646867415	255.5100844646867415	255.5100844646867415	255.5100844646867415	255.5100844646867415	255.5100844646867415	255.5100844646867415	255.5100844646867415	255.5100844646867415	255.5100844646867415	255.5100844646867415	255.5100844646867415	255.5100844646867415	255.5100844646867415	255.5100844646867415	255.5100844646867415	255.5100844646867415	255.5100844646867415	255.5100844646867415	255.5100844646867415	255.5100844646867415	255.5100844646867415	255.5100844646867415	255.5100844646867415	255.5100844646867415	255.5100844646867415	255.5100844646867415	255.5100844646867415	255.5100844646867415	255.5100844646867415	255.5100844646867415	255.5100844646867415	255.5100844646867415	255.5100844646867415	255.5100844646867415	255.5100844646867415	255.5100844646867415	255.5100844646867415	255.5100844646867415	255.5100844646867415	255.5100844646867415	255.5100844646867415	255.5100844646867415	255.5100844646867415	255.5100844646867415	255.5100844646867415	255.5100844646867415	255.5100844646867415	255.5100844646867415
Speedups              :	  0.0000000000000000	  0.1074572939777454	  0.0537286469888727	  0.0358190979925818	  0.1734059171840414	  0.1387247337472331	  0.1263249492656939	  0.2523338104901427	  0.3353911598521009	  0.3786311189295222	  0.4995976393308411	  0.5198853322232356	  0.4765615545379660	  0.5051435188546389	  0.4690618389364504	  0.4377910496740204	  0.4104291090693941	  0.3862862203006062	  0.3648258747283503	  0.3456245129005424	  0.3283432872555153	  0.3166965172991110	  0.4041773896579741	  0.3866044596728448	  0.3704959405198096	  0.3556761028990172	  0.3419962527875166	  0.3293297249064974	  0.3175679490169797	  0.3066173300853597	  0.2963967524158477	  0.2924704259114092	  0.2866666595136103	  0.3001971516848475	  0.3051057249757555	  0.3123605532017304	  0.3173272126603861	  0.3087508015074027	  0.3006257804151026	  0.3099640843840158	  0.3022149822744155	  0.2948438851457711	  0.2878237926423004	  0.2811302160692237	  0.2747408929767413	  0.2686355397994804	  0.2653076373475484	  0.2596627939997282	  0.2720577258246995	  0.2665055273384812	  0.2611754167917115	  0.2560543301879525	  0.2511302084535688	  0.2463919026336901	  0.2418290896219551	  0.2781722346861339	  0.2732048733524530	  0.2684118053989012	  0.2637840156506442	  0.2593131001311418	  0.2549912151289561	  0.2508110312743831	  0.2467656920602801	  0.2428487763132915	  0.2390542641833964	  0.2353765062728826	  0.2318101955717783	  0.2283503419065279	  0.2249922486431966	  0.2217314914164836	  0.2185638986819624	  0.2742491385595803	  0.2704401227462527	  0.2667354635305507	  0.2631309302395973	  0.2596225178364027	  0.2562064320753973	  0.2528790758146779	  0.2496370363811564	  0.2464770738953190	  0.2433961104716275	  0.2403912202188913	  0.2374596199723195	  0.2345986606955446	  0.2318058194967881	  0.2290786922085906	  0.2264149864852349	  0.2295614196095466	  0.2269527671139835	  0.2244027360228152	  0.2219093722892284	  0.2194708077585775	  0.2170852555003321	  0.2147510054411887	  0.2124664202769208	  0.2102299316424269	  0.2080400365211516	  0.2058952938766036	  0.2037943214901077	  0.2017357929902076	  0.1997184350603055	  0.1977410248121837	  0.1958023873140250	  0.1939013932624326	  0.1920369567887553	  0.1902080333907672	  0.1884136179814203	  0.1866527430470145	  0.1849244769076903	  0.1832279220736748	  0.1815622136911868	  0.1799265180723473	  0.1783200313038442	  0.1767419779294739	  0.1751916097020224	  0.1736682044002657	  0.1721710647071599	  0.1706995171455603	  0.1692529110680555	  0.1678306176977357	  0.1664320292169213	  0.1650565579010790	  0.1637036352953324	  0.1623727114311427	  0.1611721399394347	  0.1598827628199192	  0.1586138520038881	  0.1573649240353535	  0.1561355105663274	  0.1549251577712396	  0.1537334257883839	  0.1525598881869458	  0.1723452408838958	  0.1710494120050695	  0.1697729238557780	  0.1685153466420315	  0.1672762632108400	  0.1660552685888631	  0.1648519695411177	  0.1636659841487356	  0.1624969414048160	  0.1613444808274769	  0.1602082520892553	  0.1590879146620577	  0.1579831374769045	  0.1568935985977534	  0.1558189849087277	  0.1547589918141105	  0.1537133229505017	  0.1526816899105654	  0.1516638119778283	  0.1506594158720149	  0.1496682355044358	  0.1486900117429689	  0.1477244921861964	  0.1467714309462854	  0.1458305884402195	  0.1449017311890079	  0.1439846316245205	  0.1430790679036116	  0.1421848237292140	  0.1413016881781009	  0.1404294555350262	  0.1395679251329708	  0.1387169011992332	  0.1378761927071167	  0.1370456132329774	  0.1362249808184087	  0.1354141178373467	  0.1346128508678950	  0.1338210105686720	  0.1330384315594985	  0.1322649523062456	  0.1315004150096777	  0.1307446654981279	  0.1299975531238528	  0.1292589306629219	  0.1285286542184986	  0.1278065831273834	  0.1270925798696885	  0.1263865099815236	  0.1256882419705760	  0.1249976472344739	  0.1243145999818265	  0.1236389771558383	  0.1229706583604013	  0.1223095257885712	  0.1216554641533382	  0.1210083606206077	  0.1203681047443082	  0.1197345884035487	  0.1191077057417500	  0.1184873531076784	  0.1178734289983122	  0.1172658340034755	  0.1166644707521756	  0.1160692438605829	  0.1154800598815952	  0.1148968272559305	  0.1143194562646947	  0.1137478589833712	  0.1131819492371853
Memory                :	 45.9293859763944923	 45.8824037782093868	 45.8824037782093868	 45.8824037782093868	 46.9739953256065093	 46.9739953256065093	 54.5794069303723504	 55.7085236426749475	 56.7954706847106152	 57.9003379321772158	 58.0038289272248377	 59.1065496464488049	 59.1065496464488049	 59.5669021843585824	 59.5669021843585824	 59.5669021843585824	 59.5669021843585824	 59.5669021843585824	 59.5669021843585824	 59.5669021843585824	 59.5669021843585824	 81.6993904454568423	 69.5715121516655159	 69.5715121516655159	 69.5715121516655159	 69.5715121516655159	 69.5715121516655159	 69.5715121516655159	 69.5715121516655159	 69.5715121516655159	 69.5715121516655159	 90.1238462313380495	103.0752866146217031	104.1744523070542527	104.7133437872162318	105.9276008804989289	106.1134459942069839	106.1134459942069839	106.1134459942069839	106.4324425316112865	106.4324425316112865	106.4324425316112865	106.4324425316112865	106.4324425316112865	106.4324425316112865	106.4324425316112865	126.5897773422128694	126.5897773422128694	128.1431181746294499	128.1431181746294499	128.1431181746294499	128.1431181746294499	128.1431181746294499	128.1431181746294499	128.1431181746294499	136.4639021463303834	136.4639021463303834	136.4639021463303834	136.4639021463303834	136.4639021463303834	136.4639021463303834	136.4639021463303834	136.4639021463303834	136.4639021463303834	136.4639021463303834	136.4639021463303834	136.4639021463303834	136.4639021463303834	136.4639021463303834	136.4639021463303834	136.4639021463303834	160.0210820178596975	160.0210820178596975	160.0210820178596975	160.0210820178596975	160.0210820178596975	160.0210820178596975	160.0210820178596975	160.0210820178596975	160.0210820178596975	160.0210820178596975	160.0210820178596975	160.0210820178596975	160.0210820178596975	160.0210820178596975	160.0210820178596975	160.0210820178596975	187.2825509306243248	187.2825509306243248	187.2825509306243248	187.2825509306243248	187.2825509306243248	187.2825509306243248	187.2825509306243248	187.2825509306243248	187.2825509306243248	187.2825509306243248	187.2825509306243248	187.2825509306243248	187.2825509306243248	187.2825509306243248	187.2825509306243248	187.2825509306243248	187.2825509306243248	187.2825509306243248	187.2825509306243248	187.2825509306243248	187.2825509306243248	187.2825509306243248	187.2825509306243248	187.2825509306243248	187.2825509306243248	187.2825509306243248	187.2825509306243248	187.2825509306243248	187.2825509306243248	187.2825509306243248	187.2825509306243248	187.2825509306243248	187.2825509306243248	187.2825509306243248	187.2825509306243248	187.2825509306243248	187.2825509306243248	246.7961219118328131	246.7961219118328131	246.7961219118328131	246.7961219118328131	246.7961219118328131	246.7961219118328131	246.7961219118328131	246.7961219118328131	246.6043477425454853	246.6043477425454853	246.6043477425454853	246.6043477425454853	246.6043477425454853	246.6043477425454853	246.6043477425454853	246.6043477425454853	246.6043477425454853	246.6043477425454853	246.6043477425454853	246.6043477425454853	246.6043477425454853	246.6043477425454853	246.6043477425454853	246.6043477425454853	246.6043477425454853	246.6043477425454853	246.6043477425454853	246.6043477425454853	246.6043477425454853	246.6043477425454853	246.6043477425454853	246.6043477425454853	246.6043477425454853	246.6043477425454853	246.6043477425454853	246.6043477425454853	246.6043477425454853	246.6043477425454853	246.6043477425454853	246.6043477425454853	246.6043477425454853	246.6043477425454853	246.6043477425454853	246.6043477425454853	246.6043477425454853	246.6043477425454853	246.6043477425454853	246.6043477425454853	246.6043477425454853	246.6043477425454853	246.6043477425454853	246.6043477425454853	246.6043477425454853	246.6043477425454853	246.6043477425454853	246.6043477425454853	246.6043477425454853	246.6043477425454853	246.6043477425454853	246.6043477425454853	246.6043477425454853	246.6043477425454853	246.6043477425454853	246.6043477425454853	246.6043477425454853	246.6043477425454853	246.6043477425454853	246.6043477425454853	246.6043477425454853	246.6043477425454853	246.6043477425454853	246.6043477425454853	246.6043477425454853	246.6043477425454853	246.6043477425454853	246.6043477425454853	246.6043477425454853	246.6043477425454853
p                     :	                   5	                   5	                   5	                   5	                   5	                   5	                   6	                   6	                   6	                   6	                   6	                   6	                   6	                   6	                   6	                   6	                   6	                   6	                   6	                   6	                   6	                   9	                   7	                   7	                   7	                   7	                   7	                   7	                   7	                   7	                   7	                  10	                  12	                  12	                  12	                  12	                  12	                  12	                  12	                  12	                  12	                  12	                  12	                  12	                  12	                  12	                  15	                  15	                  15	                  15	                  15	                  15	                  15	                  15	                  15	                  16	                  16	                  16	                  16	                  16	                  16	                  16	                  16	                  16	                  16	                  16	                  16	                  16	                  16	                  16	                  16	                  19	                  19	                  19	                  19	                  19	                  19	                  19	                  19	                  19	                  19	                  19	                  19	                  19	                  19	                  19	                  19	                  23	                  23	                  23	                  23	                  23	                  23	                  23	                  23	                  23	                  23	                  23	                  23	                  23	                  23	                  23	                  23	                  23	                  23	                  23	                  23	                  23	                  23	                  23	                  23	                  23	                  23	                  23	                  23	                  23	                  23	                  23	                  23	                  23	                  23	                  23	                  23	                  23	                  34	                  34	                  34	                  34	                  34	                  34	                  34	                  34	                  35	                  35	                  35	                  35	                  35	                  35	                  35	                  35	                  35	                  35	                  35	                  35	                  35	                  35	                  35	                  35	                  35	                  35	                  35	                  35	                  35	                  35	                  35	                  35	                  35	                  35	                  35	                  35	                  35	                  35	                  35	                  35	                  35	                  35	                  35	                  35	                  35	                  35	                  35	                  35	                  35	                  35	                  35	                  35	                  35	                  35	                  35	                  35	                  35	                  35	                  35	                  35	                  35	                  35	                  35	                  35	                  35	                  35	                  35	                  35	                  35	                  35	                  35	                  35	                  35	                  35	                  35	                  35	                  35	                  35
l                     :	                  63	                  63	                  63	                  63	                  64	                  64	                  71	                  73	                  73	                  74	                  75	                  76	                  76	                  77	                  77	                  77	                  77	                  77	                  77	                  77	                  77	                 100	                  87	                  87	                  87	                  87	                  87	                  87	                  87	                  87	                  87	                 110	                 124	                 125	                 125	                 126	                 127	                 127	                 127	                 127	                 127	                 127	                 127	                 127	                 127	                 127	                 149	                 149	                 151	                 151	                 151	                 151	                 151	                 151	                 151	                 160	                 160	                 160	                 160	                 160	                 160	                 160	                 160	                 160	                 160	                 160	                 160	                 160	                 160	                 160	                 160	                 186	                 186	                 186	                 186	                 186	                 186	                 186	                 186	                 186	                 186	                 186	                 186	                 186	                 186	                 186	                 186	                 217	                 217	                 217	                 217	                 217	                 217	                 217	                 217	                 217	                 217	                 217	                 217	                 217	                 217	                 217	                 217	                 217	                 217	                 217	                 217	                 217	                 217	                 217	                 217	                 217	                 217	                 217	                 217	                 217	                 217	                 217	                 217	                 217	                 217	                 217	                 217	                 217	                 301	                 301	                 301	                 301	                 301	                 301	                 301	                 301	                 312	                 312	                 312	                 312	                 312	                 312	                 312	                 312	                 312	                 312	                 312	                 312	                 312	                 312	                 312	                 312	                 312	                 312	                 312	                 312	                 312	                 312	                 312	                 312	                 312	                 312	                 312	                 312	                 312	                 312	                 312	                 312	                 312	                 312	                 312	                 312	                 312	                 312	                 312	                 312	                 312	                 312	                 312	                 312	                 312	                 312	                 312	                 312	                 312	                 312	                 312	                 312	                 312	                 312	                 312	                 312	                 312	                 312	                 312	                 312	                 312	                 312	                 312	                 312	                 312	                 312	                 312	                 312	                 312	                 312
b                     :	                   1	                   1	                   1	                   1	                   1	                   1	                   1	                   1	                   1	                   1	                   2	                   2	                   2	                   2	                   2	                   2	                   2	                   2	                   2	                   2	                   2	                   3	                   2	                   2	                   2	                   2	                   2	                   2	                   2	                   2	                   2	                   4	                   6	                   6	                   6	                   6	                   6	                   6	                   6	                   6	                   6	                   6	                   6	                   6	                   6	                   6	                   8	                   8	                   8	                   8	                   8	                   8	                   8	                   8	                   8	                   9	                   9	                   9	                   9	                   9	                   9	                   9	                   9	                   9	                   9	                   9	                   9	                   9	                   9	                   9	                   9	                  12	                  12	                  12	                  12	                  12	                  12	                  12	                  12	                  12	                  12	                  12	                  12	                  12	                  12	                  12	                  12	                  15	                  15	                  15	                  15	                  15	                  15	                  15	                  15	                  15	                  15	                  15	                  15	                  15	                  15	                  15	                  15	                  15	                  15	                  15	                  15	                  15	                  15	                  15	                  15	                  15	                  15	                  15	                  15	                  15	                  15	                  15	                  15	                  15	                  15	                  15	                  15	                  15	                  37	                  37	                  37	                  37	                  37	                  37	                  37	                  37	                  48	                  48	                  48	                  48	                  48	                  48	                  48	                  48	                  48	                  48	                  48	                  48	                  48	                  48	                  48	                  48	                  48	                  48	                  48	                  48	                  48	                  48	                  48	                  48	                  48	                  48	                  48	                  48	                  48	                  48	                  48	                  48	                  48	                  48	                  48	                  48	                  48	                  48	                  48	                  48	                  48	                  48	                  48	                  48	                  48	                  48	                  48	                  48	                  48	                  48	                  48	                  48	                  48	                  48	                  48	                  48	                  48	                  48	                  48	                  48	                  48	                  48	                  48	                  48	                  48	                  48	                  48	                  48	                  48	                  48
p_                    :	  1.8967871238666085	  1.8601997803809331	  1.8601997803809331	  1.8601997803809331	  1.6292741273042481	  1.6292741273042481	  2.1604733794271396	  2.1233711833527193	  2.0862774590959692	  2.0491995501694995	  2.0121356619168131	  1.9750862940310951	  1.9750862940310951	  1.9505404369524886	  1.9505404369524886	  1.9505404369524886	  1.9505404369524886	  1.9505404369524886	  1.9505404369524886	  1.9505404369524886	  1.9505404369524886	  3.0411152335990086	  2.2709904429618977	  2.2709904429618977	  2.2709904429618977	  2.2709904429618977	  2.2709904429618977	  2.2709904429618977	  2.2709904429618977	  2.2709904429618977	  2.2709904429618977	  3.2285742064881342	  4.0552845130619453	  4.0157669905847788	  3.9762538379755696	  3.9367563824520331	  3.8972693271240910	  3.8972693271240910	  3.8972693271240910	  3.8645501620451501	  3.8645501620451501	  3.8645501620451501	  3.8645501620451501	  3.8645501620451501	  3.8645501620451501	  3.8645501620451501	  4.9356249351940420	  4.9356249351940420	  4.8548185845611229	  4.8548185845611229	  4.8548185845611229	  4.8548185845611229	  4.8548185845611229	  4.8548185845611229	  4.8548185845611229	  5.1322554079620257	  5.1322554079620257	  5.1322554079620257	  5.1322554079620257	  5.1322554079620257	  5.1322554079620257	  5.1322554079620257	  5.1322554079620257	  5.1322554079620257	  5.1322554079620257	  5.1322554079620257	  5.1322554079620257	  5.1322554079620257	  5.1322554079620257	  5.1322554079620257	  5.1322554079620257	  6.0801158677250164	  6.0801158677250164	  6.0801158677250164	  6.0801158677250164	  6.0801158677250164	  6.0801158677250164	  6.0801158677250164	  6.0801158677250164	  6.0801158677250164	  6.0801158677250164	  6.0801158677250164	  6.0801158677250164	  6.0801158677250164	  6.0801158677250164	  6.0801158677250164	  6.0801158677250164	  7.3408554384123512	  7.3408554384123512	  7.3408554384123512	  7.3408554384123512	  7.3408554384123512	  7.3408554384123512	  7.3408554384123512	  7.3408554384123512	  7.3408554384123512	  7.3408554384123512	  7.3408554384123512	  7.3408554384123512	  7.3408554384123512	  7.3408554384123512	  7.3408554384123512	  7.3408554384123512	  7.3408554384123512	  7.3408554384123512	  7.3408554384123512	  7.3408554384123512	  7.3408554384123512	  7.3408554384123512	  7.3408554384123512	  7.3408554384123512	  7.3408554384123512	  7.3408554384123512	  7.3408554384123512	  7.3408554384123512	  7.3408554384123512	  7.3408554384123512	  7.3408554384123512	  7.3408554384123512	  7.3408554384123512	  7.3408554384123512	  7.3408554384123512	  7.3408554384123512	  7.3408554384123512	 10.7941877889556626	 10.7941877889556626	 10.7941877889556626	 10.7941877889556626	 10.7941877889556626	 10.7941877889556626	 10.7941877889556626	 10.7941877889556626	 11.1073218937940776	 11.1073218937940776	 11.1073218937940776	 11.1073218937940776	 11.1073218937940776	 11.1073218937940776	 11.1073218937940776	 11.1073218937940776	 11.1073218937940776	 11.1073218937940776	 11.1073218937940776	 11.1073218937940776	 11.1073218937940776	 11.1073218937940776	 11.1073218937940776	 11.1073218937940776	 11.1073218937940776	 11.1073218937940776	 11.1073218937940776	 11.1073218937940776	 11.1073218937940776	 11.1073218937940776	 11.1073218937940776	 11.1073218937940776	 11.1073218937940776	 11.1073218937940776	 11.1073218937940776	 11.1073218937940776	 11.1073218937940776	 11.1073218937940776	 11.1073218937940776	 11.1073218937940776	 11.1073218937940776	 11.1073218937940776	 11.1073218937940776	 11.1073218937940776	 11.1073218937940776	 11.1073218937940776	 11.1073218937940776	 11.1073218937940776	 11.1073218937940776	 11.1073218937940776	 11.1073218937940776	 11.1073218937940776	 11.1073218937940776	 11.1073218937940776	 11.1073218937940776	 11.1073218937940776	 11.1073218937940776	 11.1073218937940776	 11.1073218937940776	 11.1073218937940776	 11.1073218937940776	 11.1073218937940776	 11.1073218937940776	 11.1073218937940776	 11.1073218937940776	 11.1073218937940776	 11.1073218937940776	 11.1073218937940776	 11.1073218937940776	 11.1073218937940776	 11.1073218937940776	 11.1073218937940776	 11.1073218937940776	 11.1073218937940776	 11.1073218937940776	 11.1073218937940776	 11.1073218937940776	 11.1073218937940776
r                     :	  0.2194900299906196	  0.1960943110869751	  0.1960943110869751	  0.1960943110869751	  0.0000000000000000	  0.0000000000000000	  0.1566952860136432	  0.1348726497961248	  0.1122048887424262	  0.0886018561405626	  0.0639260572590877	  0.0379394321432804	  0.0379394321432804	  0.0000000000000000	  0.0000000000000000	  0.0000000000000000	  0.0000000000000000	  0.0000000000000000	  0.0000000000000000	  0.0000000000000000	  0.0000000000000000	  0.0779093012420095	  0.0000000000000000	  0.0000000000000000	  0.0000000000000000	  0.0000000000000000	  0.0000000000000000	  0.0000000000000000	  0.0000000000000000	  0.0000000000000000	  0.0000000000000000	  0.0000000000000000	  0.0807142547815253	  0.0678088570982566	  0.0545704844691383	  0.0409545106344852	  0.0268754261693764	  0.0268754261693764	  0.0268754261693764	  0.0000000000000000	  0.0000000000000000	  0.0000000000000000	  0.0000000000000000	  0.0000000000000000	  0.0000000000000000	  0.0000000000000000	  0.0475420486855921	  0.0475420486855921	  0.0248071076799690	  0.0248071076799690	  0.0248071076799690	  0.0248071076799690	  0.0248071076799690	  0.0248071076799690	  0.0248071076799690	  0.0000000000000000	  0.0000000000000000	  0.0000000000000000	  0.0000000000000000	  0.0000000000000000	  0.0000000000000000	  0.0000000000000000	  0.0000000000000000	  0.0000000000000000	  0.0000000000000000	  0.0000000000000000	  0.0000000000000000	  0.0000000000000000	  0.0000000000000000	  0.0000000000000000	  0.0000000000000000	  0.0000000000000000	  0.0000000000000000	  0.0000000000000000	  0.0000000000000000	  0.0000000000000000	  0.0000000000000000	  0.0000000000000000	  0.0000000000000000	  0.0000000000000000	  0.0000000000000000	  0.0000000000000000	  0.0000000000000000	  0.0000000000000000	  0.0000000000000000	  0.0000000000000000	  0.0000000000000000	  0.0000000000000000	  0.0000000000000000	  0.0000000000000000	  0.0000000000000000	  0.0000000000000000	  0.0000000000000000	  0.0000000000000000	  0.0000000000000000	  0.0000000000000000	  0.0000000000000000	  0.0000000000000000	  0.0000000000000000	  0.0000000000000000	  0.0000000000000000	  0.0000000000000000	  0.0000000000000000	  0.0000000000000000	  0.0000000000000000	  0.0000000000000000	  0.0000000000000000	  0.0000000000000000	  0.0000000000000000	  0.0000000000000000	  0.0000000000000000	  0.0000000000000000	  0.0000000000000000	  0.0000000000000000	  0.0000000000000000	  0.0000000000000000	  0.0000000000000000	  0.0000000000000000	  0.0000000000000000	  0.0000000000000000	  0.0000000000000000	  0.0000000000000000	  0.0000000000000000	  0.0000000000000000	  0.0000000000000000	  0.0000000000000000	  0.0000000000000000	  0.0000000000000000	  0.0000000000000000	  0.0000000000000000	  0.0000000000000000	  0.0000000000000000	  0.0000000000000000	  0.0000000000000000	  0.0000000000000000	  0.0000000000000000	  0.0000000000000000	  0.0000000000000000	  0.0000000000000000	  0.0000000000000000	  0.0000000000000000	  0.0000000000000000	  0.0000000000000000	  0.0000000000000000	  0.0000000000000000	  0.0000000000000000	  0.0000000000000000	  0.0000000000000000	  0.0000000000000000	  0.0000000000000000	  0.0000000000000000	  0.0000000000000000	  0.0000000000000000	  0.0000000000000000	  0.0000000000000000	  0.0000000000000000	  0.0000000000000000	  0.0000000000000000	  0.0000000000000000	  0.0000000000000000	  0.0000000000000000	  0.0000000000000000	  0.0000000000000000	  0.0000000000000000	  0.0000000000000000	  0.0000000000000000	  0.0000000000000000	  0.0000000000000000	  0.0000000000000000	  0.0000000000000000	  0.0000000000000000	  0.0000000000000000	  0.0000000000000000	  0.0000000000000000	  0.0000000000000000	  0.0000000000000000	  0.0000000000000000	  0.0000000000000000	  0.0000000000000000	  0.0000000000000000	  0.0000000000000000	  0.0000000000000000	  0.0000000000000000	  0.0000000000000000	  0.0000000000000000	  0.0000000000000000	  0.0000000000000000	  0.0000000000000000	  0.0000000000000000	  0.0000000000000000	  0.0000000000000000	  0.0000000000000000	  0.0000000000000000	  0.0000000000000000	  0.0000000000000000	  0.0000000000000000	  0.0000000000000000	  0.0000000000000000	  0.0000000000000000	  0.0000000000000000	  0.0000000000000000	  0.0000000000000000
